minutes,tags,accX_means1,accY_means1,accZ_means1,accX_medians1,accY_medians1,accZ_medians1,accX_maxes1,accY_maxes1,accZ_maxes1,accX_mins1,accY_mins1,accZ_mins1,accX_variances1,accY_variances1,accZ_variances1,accX_means5,accY_means5,accZ_means5,accX_medians5,accY_medians5,accZ_medians5,accX_maxes5,accY_maxes5,accZ_maxes5,accX_mins5,accY_mins5,accZ_mins5,accX_variances5,accY_variances5,accZ_variances5,accX_means10,accY_means10,accZ_means10,accX_medians10,accY_medians10,accZ_medians10,accX_maxes10,accY_maxes10,accZ_maxes10,accX_mins10,accY_mins10,accZ_mins10,accX_variances10,accY_variances10,accZ_variances10,accX_means20,accY_means20,accZ_means20,accX_medians20,accY_medians20,accZ_medians20,accX_maxes20,accY_maxes20,accZ_maxes20,accX_mins20,accY_mins20,accZ_mins20,accX_variances20,accY_variances20,accZ_variances20,accX_means30,accY_means30,accZ_means30,accX_medians30,accY_medians30,accZ_medians30,accX_maxes30,accY_maxes30,accZ_maxes30,accX_mins30,accY_mins30,accZ_mins30,accX_variances30,accY_variances30,accZ_variances30
04:58 AM,,5.83952187785,3.0695457463166664,-0.018434665999999995,9.55964,-0.805614,-0.5973275,12.3655,10.6825,21.6618,-0.732594,-4.45542,-3.86408,19.068074911779505,25.997394266185285,9.548596329869753,5.83952187785,3.0695457463166664,-0.018434665999999995,9.55964,-0.805614,-0.5973275,12.3655,10.6825,21.6618,-0.732594,-4.45542,-3.86408,19.068074911779505,25.997394266185285,9.548596329869753,5.83952187785,3.0695457463166664,-0.018434665999999995,9.55964,-0.805614,-0.5973275,12.3655,10.6825,21.6618,-0.732594,-4.45542,-3.86408,19.068074911779505,25.997394266185285,9.548596329869753,5.83952187785,3.0695457463166664,-0.018434665999999995,9.55964,-0.805614,-0.5973275,12.3655,10.6825,21.6618,-0.732594,-4.45542,-3.86408,19.068074911779505,25.997394266185285,9.548596329869753,5.83952187785,3.0695457463166664,-0.018434665999999995,9.55964,-0.805614,-0.5973275,12.3655,10.6825,21.6618,-0.732594,-4.45542,-3.86408,19.068074911779505,25.997394266185285,9.548596329869753
04:59 AM,,9.7118814,-0.8797433998333334,-0.8880749508333333,9.72722,-0.895393,-0.870255,12.253,6.80403,2.13314,7.46719,-3.3254,-2.75082,0.05682635601706844,0.26213667327409684,0.21655420824503172,7.775701638925,1.0949011732416667,-0.45325480841666665,9.71765,-0.883422,-0.809205,12.3655,10.6825,21.6618,-0.732594,-4.45542,-3.86408,13.306393944992394,17.021288124024714,5.067729307616561,7.775701638925,1.0949011732416667,-0.45325480841666665,9.71765,-0.883422,-0.809205,12.3655,10.6825,21.6618,-0.732594,-4.45542,-3.86408,13.306393944992394,17.021288124024714,5.067729307616561,7.775701638925,1.0949011732416667,-0.45325480841666665,9.71765,-0.883422,-0.809205,12.3655,10.6825,21.6618,-0.732594,-4.45542,-3.86408,13.306393944992394,17.021288124024714,5.067729307616561,7.775701638925,1.0949011732416667,-0.45325480841666665,9.71765,-0.883422,-0.809205,12.3655,10.6825,21.6618,-0.732594,-4.45542,-3.86408,13.306393944992394,17.021288124024714,5.067729307616561
05:00 AM,,9.767009333333334,-0.34690087168333333,0.028429963016666667,9.77271,-0.392632,0.07062594999999999,10.4718,0.53149,1.08692,8.75522,-2.49944,-3.68452,0.017397475885030624,0.2887854382892927,0.4827055942434024,8.439470870394445,0.6143004916,-0.29269321793888886,9.73919,-0.7302,-0.594934,12.3655,10.6825,21.6618,-0.732594,-4.45542,-3.86408,9.755925492843216,11.90273718340238,3.5898589096144344,8.439470870394445,0.6143004916,-0.29269321793888886,9.73919,-0.7302,-0.594934,12.3655,10.6825,21.6618,-0.732594,-4.45542,-3.86408,9.755925492843216,11.90273718340238,3.5898589096144344,8.439470870394445,0.6143004916,-0.29269321793888886,9.73919,-0.7302,-0.594934,12.3655,10.6825,21.6618,-0.732594,-4.45542,-3.86408,9.755925492843216,11.90273718340238,3.5898589096144344,8.439470870394445,0.6143004916,-0.29269321793888886,9.73919,-0.7302,-0.594934,12.3655,10.6825,21.6618,-0.732594,-4.45542,-3.86408,9.755925492843216,11.90273718340238,3.5898589096144344
05:01 AM,,9.717435416666667,0.31748142733333334,1.283085395,9.72004,0.318415,1.3131650000000001,9.99297,0.627254,1.69502,9.43993,0.0311233,0.837935,0.0032464188599262696,0.005673248022990604,0.028289477991237703,8.7589620069625,0.5400957255333333,0.10125143529583333,9.73321,-0.347144,-0.318415,12.3655,10.6825,21.6618,-0.732594,-4.45542,-3.86408,7.623089449024588,8.943754968368951,3.1648548488374924,8.7589620069625,0.5400957255333333,0.10125143529583333,9.73321,-0.347144,-0.318415,12.3655,10.6825,21.6618,-0.732594,-4.45542,-3.86408,7.623089449024588,8.943754968368951,3.1648548488374924,8.7589620069625,0.5400957255333333,0.10125143529583333,9.73321,-0.347144,-0.318415,12.3655,10.6825,21.6618,-0.732594,-4.45542,-3.86408,7.623089449024588,8.943754968368951,3.1648548488374924,8.7589620069625,0.5400957255333333,0.10125143529583333,9.73321,-0.347144,-0.318415,12.3655,10.6825,21.6618,-0.732594,-4.45542,-3.86408,7.623089449024588,8.943754968368951,3.1648548488374924
05:02 AM,,7.0711583735,3.4664749563333332,1.48958432465,9.60034,0.41777,1.6232,10.0552,10.3186,6.5718,-5.54952,-0.0646407,-1.52265,13.916986088732472,18.527182703979346,0.7528611932604662,8.42140128027,1.1253715716933332,0.3789180131666667,9.71765,0.184346,0.23941,12.3655,10.6825,21.6618,-5.54952,-4.45542,-3.86408,9.333588924915892,12.225549983988126,2.9905419735652408,8.42140128027,1.1253715716933332,0.3789180131666667,9.71765,0.184346,0.23941,12.3655,10.6825,21.6618,-5.54952,-4.45542,-3.86408,9.333588924915892,12.225549983988126,2.9905419735652408,8.42140128027,1.1253715716933332,0.3789180131666667,9.71765,0.184346,0.23941,12.3655,10.6825,21.6618,-5.54952,-4.45542,-3.86408,9.333588924915892,12.225549983988126,2.9905419735652408,8.42140128027,1.1253715716933332,0.3789180131666667,9.71765,0.184346,0.23941,12.3655,10.6825,21.6618,-5.54952,-4.45542,-3.86408,9.333588924915892,12.225549983988126,2.9905419735652408
05:03 AM,,3.778837405,6.78403395,0.5713916374833333,1.80276,9.66498,0.501564,11.1038,10.5197,3.86408,0.462061,-3.36131,-6.69869,11.289801913081641,25.66597626505232,0.8562267226095859,8.0092643857,1.86826921243,0.4968832738633333,9.69371,0.260957,0.715836,12.253,10.5197,6.5718,-5.54952,-3.36131,-6.69869,10.588548200199446,17.2572865354118,1.2162896773689957,7.647640634391666,2.0684819680777777,0.4109969505527778,9.68892,0.244198,0.395026,12.3655,10.6825,21.6618,-5.54952,-4.45542,-6.69869,12.650937538132721,18.907633826223496,2.63963274064854,7.647640634391666,2.0684819680777777,0.4109969505527778,9.68892,0.244198,0.395026,12.3655,10.6825,21.6618,-5.54952,-4.45542,-6.69869,12.650937538132721,18.907633826223496,2.63963274064854,7.647640634391666,2.0684819680777777,0.4109969505527778,9.68892,0.244198,0.395026,12.3655,10.6825,21.6618,-5.54952,-4.45542,-6.69869,12.650937538132721,18.907633826223496,2.63963274064854
05:04 AM,,9.67621325,-0.8231549343333333,0.7902998361833333,9.68652,-0.655983,1.1312099999999998,10.613,0.395026,4.30938,8.34583,-3.20091,-0.98158,0.01995878885770034,0.5469903232135751,0.5715782073237216,8.0021307557,1.87958690553,0.8325582312666666,9.67695,0.260957,1.03904,11.1038,10.5197,6.5718,-5.54952,-3.36131,-6.69869,10.557088364429168,17.25247074286624,0.8079591476251453,7.937436722335714,1.6553909820190476,0.4651830770714286,9.68892,0.124493,0.480017,12.3655,10.6825,21.6618,-5.54952,-4.45542,-6.69869,11.350088159913032,17.308038639154617,2.361610910864445,7.937436722335714,1.6553909820190476,0.4651830770714286,9.68892,0.124493,0.480017,12.3655,10.6825,21.6618,-5.54952,-4.45542,-6.69869,11.350088159913032,17.308038639154617,2.361610910864445,7.937436722335714,1.6553909820190476,0.4651830770714286,9.68892,0.124493,0.480017,12.3655,10.6825,21.6618,-5.54952,-4.45542,-6.69869,11.350088159913032,17.308038639154617,2.361610910864445
05:05 AM,,5.160303960833334,5.337224075,1.1247396196666666,2.1906,9.014980000000001,1.71178,12.581,11.3313,5.91821,-2.80828,0.0813994,-3.02614,18.3589440295068,21.811411244986136,1.3447835498406568,7.0807896812,3.0164118948666667,1.0518201625966668,9.61231,0.369888,1.27605,12.581,11.3313,6.5718,-5.54952,-3.36131,-6.69869,14.363920022274067,21.658520717271895,0.8197650585848769,7.590295127147916,2.1156201186416665,0.5476276448958334,9.66737,0.237016,0.58416,12.581,11.3313,21.6618,-5.54952,-4.45542,-6.69869,13.066278913113056,19.349517486342158,2.2817904455795905,7.590295127147916,2.1156201186416665,0.5476276448958334,9.66737,0.237016,0.58416,12.581,11.3313,21.6618,-5.54952,-4.45542,-6.69869,13.066278913113056,19.349517486342158,2.2817904455795905,7.590295127147916,2.1156201186416665,0.5476276448958334,9.66737,0.237016,0.58416,12.581,11.3313,21.6618,-5.54952,-4.45542,-6.69869,13.066278913113056,19.349517486342158,2.2817904455795905
05:06 AM,,1.1867309433333333,9.82130325,0.718089932,1.17311,9.82778,0.766112,2.1499,10.8668,4.66849,0.313627,8.71691,-2.0709,0.035109348656884934,0.024880302326815536,0.3835577582566305,5.374648786533333,4.9171762594,0.9388210699966667,3.30146,9.20172,0.992354,12.581,11.3313,6.5718,-5.54952,-3.36131,-6.69869,17.01785541414708,25.85531362458826,0.889533204817295,6.878787995612963,2.971807133237037,0.5665678990185186,9.63625,0.304051,0.648801,12.581,11.3313,21.6618,-5.54952,-4.45542,-6.69869,15.668785813520886,23.06746911079767,2.073635992018039,6.878787995612963,2.971807133237037,0.5665678990185186,9.63625,0.304051,0.648801,12.581,11.3313,21.6618,-5.54952,-4.45542,-6.69869,15.668785813520886,23.06746911079767,2.073635992018039,6.878787995612963,2.971807133237037,0.5665678990185186,9.63625,0.304051,0.648801,12.581,11.3313,21.6618,-5.54952,-4.45542,-6.69869,15.668785813520886,23.06746911079767,2.073635992018039
05:07 AM,,1.78701522,9.621587233333333,1.64354875,1.93683,9.62667,1.535815,3.04769,11.4294,3.31343,0.785264,7.97235,-0.57219,0.26580517366793815,0.17634238952922757,0.23085266016526296,4.317820155833333,6.1481987148,0.9696139550666667,1.87817,9.60991,1.0941,12.581,11.4294,5.91821,-2.80828,-3.36131,-6.69869,15.17326197143376,24.68084440121856,0.8229953080300658,6.369610718051667,3.6367851432466667,0.6742659841166667,9.60034,0.355524,0.847511,12.581,11.4294,21.6618,-5.54952,-4.45542,-6.69869,16.461929139090174,24.758370649362973,1.9936957578213064,6.369610718051667,3.6367851432466667,0.6742659841166667,9.60034,0.355524,0.847511,12.581,11.4294,21.6618,-5.54952,-4.45542,-6.69869,16.461929139090174,24.758370649362973,1.9936957578213064,6.369610718051667,3.6367851432466667,0.6742659841166667,9.60034,0.355524,0.847511,12.581,11.4294,21.6618,-5.54952,-4.45542,-6.69869,16.461929139090174,24.758370649362973,1.9936957578213064
05:08 AM,,2.2489165833333336,9.397017,2.209928976,2.249255,9.42557,2.242075,3.23922,11.1685,3.99815,1.23057,8.25006,-0.246592,0.09881355317611992,0.15619993095859766,0.19884525135362305,4.0118359915,6.6707953248,1.29732142277,2.07688,9.46866,1.39337,12.581,11.4294,5.91821,-2.80828,-3.20091,-3.02614,13.642630026756443,21.34327941551806,0.8603184649860287,6.0105501886,4.269532268615,0.8971023483166667,9.54048,0.445302,1.12523,12.581,11.4294,6.5718,-5.54952,-3.36131,-6.69869,16.109093874441623,25.064091161332257,1.1983329995433263,5.99500216035,4.160442584769697,0.8138717106515152,9.54048,0.42615,0.993551,12.581,11.4294,21.6618,-5.54952,-4.45542,-6.69869,16.377661152140288,25.264033784557373,2.0253997943473476,5.99500216035,4.160442584769697,0.8138717106515152,9.54048,0.42615,0.993551,12.581,11.4294,21.6618,-5.54952,-4.45542,-6.69869,16.377661152140288,25.264033784557373,2.0253997943473476
05:09 AM,,1.8923354166666666,9.297586233333334,2.87902335,1.85782,9.31544,2.79631,2.48986,9.60273,5.97806,1.39337,8.80071,2.26482,0.027204440144400394,0.00970074998645631,0.08309466782832471,2.4550604248333334,8.694943558333334,1.7150661255333333,1.85543,9.47345,1.86141,12.581,11.4294,5.97806,-2.80828,0.0813994,-3.02614,5.6993013926363645,7.282285526275616,1.037274953210344,5.228595590266667,5.287265231931666,1.2738121784,2.4096599999999997,9.19573,1.34788,12.581,11.4294,6.5718,-5.54952,-3.36131,-6.69869,15.820619564062573,23.879540508171765,1.1172007573879166,5.653113265043055,4.588537888816667,0.9859676805972222,4.061590000000001,3.637835,1.15396,12.581,11.4294,21.6618,-5.54952,-4.45542,-6.69869,16.300876834000434,25.175413858844802,2.1893395138705887,5.653113265043055,4.588537888816667,0.9859676805972222,4.061590000000001,3.637835,1.15396,12.581,11.4294,21.6618,-5.54952,-4.45542,-6.69869,16.300876834000434,25.175413858844802,2.1893395138705887
05:10 AM,,2.17895311,9.302263133333334,2.618449888333333,2.12357,9.31544,2.656255,3.79704,10.7711,5.73387,0.861876,6.78009,0.122099,0.10971313939244197,0.21650342471103395,0.34111201599304425,1.8587902546666666,9.48795137,2.0138081792666664,1.9081,9.44951,2.176235,3.79704,11.4294,5.97806,0.313627,6.78009,-2.0709,0.2497621947272469,0.15817756029205376,0.8410863606248201,4.469789967933333,6.2521816324333335,1.5328141709316667,2.1702500000000002,9.31544,1.52504,12.581,11.4294,6.5718,-5.54952,-3.36131,-6.69869,14.124079010644879,21.37848189727085,1.061681083936473,5.38587017619359,4.951132138394872,1.1115432350384615,2.577245,8.97069,1.27366,12.581,11.4294,21.6618,-5.54952,-4.45542,-6.69869,15.912365251135222,24.833121108994725,2.2363611024577548,5.38587017619359,4.951132138394872,1.1115432350384615,2.577245,8.97069,1.27366,12.581,11.4294,21.6618,-5.54952,-4.45542,-6.69869,15.912365251135222,24.833121108994725,2.2363611024577548
05:11 AM,,3.1181700833333332,8.11408365,4.0763084555,3.19971,8.33625,3.91196,5.21674,10.8094,9.4519,1.42928,5.34602,-0.0071823,0.670417161521362,1.0859970198492597,4.096279353011588,2.2450780826666668,9.14650745,2.6854518839666666,2.103215,9.32502,2.56169,5.21674,11.4294,9.4519,0.785264,5.34602,-0.57219,0.4543366604373296,0.608891292861618,1.6465606537113362,3.8098634346,7.0318418547,1.8121364769816666,2.13434,9.32023,1.73572,12.581,11.4294,9.4519,-5.54952,-3.36131,-6.69869,11.183601136427637,17.702452746641974,2.0306424874465114,5.223891598132143,5.177057246366667,1.323312179357143,2.69576,8.70494,1.34309,12.581,11.4294,21.6618,-5.54952,-4.45542,-6.69869,15.164567614971206,23.800193714220416,2.9518090412505127,5.223891598132143,5.177057246366667,1.323312179357143,2.69576,8.70494,1.34309,12.581,11.4294,21.6618,-5.54952,-4.45542,-6.69869,15.164567614971206,23.800193714220416,2.9518090412505127
05:12 AM,,3.8197248833333335,8.8398582,1.8817137536666666,3.76951,8.907245,2.011045,6.71305,10.8788,6.19353,1.76206,7.25651,-2.86574,0.20860303799063745,0.2669101501987579,2.056461821160885,2.651620015333333,8.990161643333334,2.7330848846999998,2.33903,9.2101,2.68378,6.71305,11.1685,9.4519,0.861876,5.34602,-2.86574,0.7316695941143833,0.5761863352258747,1.920983089215484,3.484720085583333,7.569180179066667,1.8513494198833333,2.17624,9.29868,1.83388,12.581,11.4294,9.4519,-2.80828,-3.36131,-6.69869,8.645311573159228,14.645935174084597,2.149347523392596,5.130280483812222,5.4212439766088885,1.3605389509777779,3.272735,8.777965,1.36942,12.581,11.4294,21.6618,-5.54952,-4.45542,-6.69869,14.290065534965098,23.06597713615193,2.911287883823267,5.130280483812222,5.4212439766088885,1.3605389509777779,3.272735,8.777965,1.36942,12.581,11.4294,21.6618,-5.54952,-4.45542,-6.69869,14.290065534965098,23.06597713615193,2.911287883823267
05:13 AM,,4.597679333333334,8.550424016666666,1.5931010066833333,4.403945,8.7217,1.431675,9.43754,12.2554,4.65892,1.69023,6.56222,-2.59281,0.5195636026095715,0.43666257979569256,1.094557971619027,3.1213725653333335,8.820843046666667,2.609719290836667,3.1518300000000004,9.06166,2.70294,9.43754,12.2554,9.4519,0.861876,5.34602,-2.86574,1.3202034367066333,0.609095139679611,2.2899051941135617,3.5666042784166665,7.745819185733334,1.9535203568033332,2.38213,9.2077,1.92007,12.581,12.2554,9.4519,-2.80828,-3.20091,-3.02614,7.678433943479994,12.130226554508065,2.0055180863141473,5.096992911907292,5.6168177291125,1.375074079459375,3.58397,8.76001,1.373015,12.581,12.2554,21.6618,-5.54952,-4.45542,-6.69869,13.445888044478902,22.225248304799493,2.8007857866196484,5.096992911907292,5.6168177291125,1.375074079459375,3.58397,8.76001,1.373015,12.581,12.2554,21.6618,-5.54952,-4.45542,-6.69869,13.445888044478902,22.225248304799493,2.8007857866196484
05:14 AM,,4.513626416666667,7.553569016666667,3.330371103,4.8025649999999995,7.7892,2.57725,8.58045,10.2515,8.8845,1.85543,5.14492,-3.98378,1.8970000952377226,1.0549936246683136,6.756570689202744,3.6456307653333333,8.472039603333334,2.699988841436667,3.70128,8.663045,2.50303,9.43754,12.2554,9.4519,0.861876,5.14492,-3.98378,1.5043217097473354,0.9720022908428236,3.7040615716934777,3.0503455950833334,8.583491580833334,2.207527483485,2.3534,9.2101,2.086455,12.581,12.2554,9.4519,-2.80828,0.0813994,-3.98378,3.955634653703308,4.138879550470105,2.6128317007234805,5.0626772357166665,5.730744275439216,1.490091551432353,3.71564,8.60678,1.40534,12.581,12.2554,21.6618,-5.54952,-4.45542,-6.69869,12.785131984234857,21.18740215292493,3.2445244128240205,5.0626772357166665,5.730744275439216,1.490091551432353,3.71564,8.60678,1.40534,12.581,12.2554,21.6618,-5.54952,-4.45542,-6.69869,12.785131984234857,21.18740215292493,3.2445244128240205
05:15 AM,,4.639436133333334,6.721057216666667,4.49819621,5.11499,7.15117,4.022085000000001,9.51415,10.3808,9.12391,1.57532,2.5952,-0.493184,2.4628466714591473,1.8604780863419896,6.476865655860517,4.13772737,7.95579842,3.07593810577,4.05321,8.20697,2.74723,9.51415,12.2554,9.4519,1.42928,2.5952,-3.98378,1.4993044505347612,1.5092569988786633,5.433786001807403,2.9982588123333334,8.721874895,2.5448731425183335,2.46712,9.14067,2.313895,9.51415,12.2554,9.4519,0.313627,2.5952,-3.98378,2.1729925708628914,1.4205492975901874,3.4189901960485414,5.039163841139815,5.7857616610629625,1.6572084769083333,3.83535,8.38653,1.46998,12.581,12.2554,21.6618,-5.54952,-4.45542,-6.69869,12.220790349184039,20.164874720525265,3.898336890004684,5.039163841139815,5.7857616610629625,1.6572084769083333,3.83535,8.38653,1.46998,12.581,12.2554,21.6618,-5.54952,-4.45542,-6.69869,12.220790349184039,20.164874720525265,3.898336890004684
05:16 AM,,3.576631845,-1.1485888888,8.649818733333333,4.160945,-2.40128,8.36738,4.7068,3.61509,12.1644,0.940881,-3.37089,6.39464,1.3608913654656003,3.352554985283824,0.2923931463135849,4.229419722333334,6.10326391224,3.9906401613366667,4.2208,7.77124,3.01776,9.51415,12.2554,12.1644,0.940881,-3.37089,-3.98378,1.4838227106752404,15.107424503624232,9.852550676378385,3.2372489025,7.62488568112,3.3380460226516666,2.88968,8.8462,2.65745,9.51415,12.2554,12.1644,0.785264,-3.37089,-3.98378,1.9534851755857794,10.17256674759761,6.174547347560456,4.962188472921929,5.420795842649123,2.025240595667544,3.88802,8.17345,1.55377,12.581,12.2554,21.6618,-5.54952,-4.45542,-6.69869,11.755710277149923,21.677455260813115,6.146779488355189,4.962188472921929,5.420795842649123,2.025240595667544,3.88802,8.17345,1.55377,12.581,12.2554,21.6618,-5.54952,-4.45542,-6.69869,11.755710277149923,21.677455260813115,6.146779488355189
05:17 AM,,4.6861008166666664,-2.5167404666666666,8.0963273,4.67807,-2.52099,8.09445,4.84566,-2.28636,8.20936,4.57752,-2.65984,7.788,0.0023231241223703385,0.003129318577077351,0.0019026702197429035,4.402694909,3.831944178906667,5.2335628706033335,4.63258,6.595745,6.09418,9.51415,12.2554,12.1644,0.940881,-3.37089,-3.98378,1.4207317193917313,23.261686459846995,10.379461732571935,3.5271574621666666,6.41105291112,3.983323877651667,3.58875,8.423635,2.94474,9.51415,12.2554,12.1644,0.861876,-3.37089,-3.98378,1.8427148631520969,18.569860248024327,7.712555302137231,4.948384090109166,5.023919027183333,2.3287949308841664,4.08673,7.91489,1.66629,12.581,12.2554,21.6618,-5.54952,-4.45542,-6.69869,11.171612709819577,23.58661072564456,7.59041524601968,4.948384090109166,5.023919027183333,2.3287949308841664,4.08673,7.91489,1.66629,12.581,12.2554,21.6618,-5.54952,-4.45542,-6.69869,11.171612709819577,23.58661072564456,7.59041524601968
05:18 AM,,4.70685755,-2.5922222666666666,8.053780316666666,4.70201,-2.59999,8.05375,4.81932,-2.38692,8.18542,4.62779,-2.74364,7.9125,0.0013267863247053418,0.0022456995384262653,0.0012909652471449734,4.424530552333334,1.60341492224,6.5256987325999996,4.67567,-2.38692,8.05614,9.51415,10.3808,12.1644,0.940881,-3.37089,-3.98378,1.3276484759620946,22.00936030776885,7.430707521789708,3.7729515588333333,5.212128984453333,4.567709011718334,4.08673,7.956785,3.30625,9.51415,12.2554,12.1644,0.861876,-3.37089,-3.98378,1.7483312209895572,24.332330552391312,8.693858979407153,4.891750873716667,4.740830626534167,2.7324056800175,4.221995,7.55578,1.847045,12.581,12.2554,12.1644,-5.54952,-3.37089,-6.69869,10.179784651328664,24.91829315499253,8.31430281806401,4.936882826294444,4.661245632238095,2.601413282588095,4.24354,7.451635,1.75009,12.581,12.2554,21.6618,-5.54952,-4.45542,-6.69869,10.642297799476644,25.094305032471702,8.71553288181494
05:19 AM,,4.72483735,-2.5998435333333334,8.036283283333333,4.71877,-2.60239,8.03699,4.83369,-2.44198,8.66903,4.60625,-3.05248,7.89813,0.0013780176832829721,0.002608485282319422,0.002064916291872843,4.466772739,-0.42726758776,7.466881168666666,4.68765,-2.52338,8.06332,9.51415,10.3808,12.1644,0.940881,-3.37089,-0.493184,0.9636994357326344,14.125544259220625,3.6093090965821975,4.0562017521666665,4.022386007786666,5.083435005051666,4.55836,7.1451899999999995,4.8289,9.51415,12.2554,12.1644,0.861876,-3.37089,-3.98378,1.402401504695818,27.350232509719714,9.337838360270897,4.642398671216666,4.654825619859166,3.178623591725833,4.221995,7.55578,2.0685,12.581,12.2554,12.1644,-5.54952,-3.37089,-6.69869,8.95444831455339,26.01276495452554,8.855692800305988,4.927244395553788,4.331196124712121,2.8484528280765153,4.55118,7.11526,1.8674,12.581,12.2554,21.6618,-5.54952,-4.45542,-6.69869,10.16053391220747,26.241446304045983,9.601132368284107
05:20 AM,,4.7381605166666665,-2.63302175,8.014034016666667,4.72834,-2.6383,8.01544,4.84326,-2.44198,8.116,4.6661,-2.73885,7.85025,0.0013508500810347798,0.002074313030488313,0.0011536634290815202,4.486517615666667,-2.2980833810933334,8.17004873,4.69722,-2.57366,8.059735,4.84566,3.61509,12.1644,0.940881,-3.37089,6.39464,0.48043755824188794,1.0035180140804607,0.11797404214927021,4.312122492833334,2.8288575194533334,5.622993417885,4.66849,3.55045,7.97714,9.51415,12.2554,12.1644,0.940881,-3.37089,-3.98378,1.0201247270427558,27.546082722129356,9.263989489859227,4.390956230383333,4.540519575943334,3.5779037944083334,4.221995,7.55578,2.36537,12.581,12.2554,12.1644,-5.54952,-3.37089,-6.69869,7.577686083882103,27.39027478117449,9.34514514449734,4.919023357341304,4.028404043202898,3.0730433145369567,4.63497,6.209095,1.97633,12.581,12.2554,21.6618,-5.54952,-4.45542,-6.69869,9.720285181165426,27.117694371234393,10.293491582558737
05:21 AM,,4.744409116666667,-2.6419877333333335,8.005016283333333,4.73792,-2.64907,8.00587,4.83608,-2.5162,8.10163,4.68286,-2.74364,7.86701,0.0010208060294354465,0.0017103442689771836,0.0011116757599529724,4.72007307,-2.59676315,8.04108824,4.71877,-2.60717,8.03699,4.84566,-2.28636,8.66903,4.57752,-3.05248,7.788,0.0019322666536929968,0.00430988349554268,0.0025568519551541205,4.474746396166666,1.75325038112,6.015864200668333,4.69722,-2.48268,8.00826,9.51415,12.2554,12.1644,0.940881,-3.37089,-3.98378,0.8029488645397952,26.48037968870391,9.028948480478999,4.142304915383333,4.39254611791,3.9140003388249998,4.221995,7.55578,2.68618,12.581,12.2554,12.1644,-5.54952,-3.37089,-6.69869,6.103302067968048,29.056037637677672,9.947534506313925,4.911747763979861,3.750471052513889,3.2785421882368055,4.66849,3.55045,2.10202,12.581,12.2554,21.6618,-5.54952,-4.45542,-6.69869,9.316505208987778,27.76458169560787,10.835965117462855
05:22 AM,,4.748004216666667,-2.6426502666666667,8.00136525,4.74032,-2.65027,8.00347,4.84326,-2.50902,8.09924,4.67807,-2.74124,7.88137,0.0009851262841933759,0.0018946474596950467,0.0010675983071160217,4.73245375,-2.62194511,8.02209583,4.72834,-2.62633,8.02023,4.84326,-2.38692,8.66903,4.60625,-3.05248,7.85025,0.0014368737086070348,0.00256904896711027,0.0017344425928420462,4.5675743295,0.6049995344533333,6.627829350301667,4.71398,-2.54732,8.01544,9.51415,12.2554,12.1644,0.940881,-3.37089,-3.98378,0.7381555176753475,22.045096299571565,7.134035910615347,4.026147207541666,4.08708985676,4.2395893850925,4.40035,7.32115,2.97108,12.581,12.2554,12.1644,-2.80828,-3.37089,-6.69869,4.984510294076309,30.469950326100864,10.345470355669724,4.905198022087333,3.4947461997466664,3.4674551107073333,4.68525,0.459667,2.242075,12.581,12.2554,21.6618,-5.54952,-4.45542,-6.69869,8.944889144452857,28.223589495639736,11.259111569919439
05:23 AM,,4.750829266666667,-2.64195565,7.992507016666667,4.74271,-2.64787,7.995095,4.83847,-2.51859,8.08727,4.69243,-2.74124,7.88616,0.0009712009460389509,0.001748210041980801,0.0009931404810681642,4.741248093333334,-2.6318917866666665,8.00984117,4.73553,-2.6383,8.00826,4.84326,-2.44198,8.66903,4.60625,-3.05248,7.85025,0.0012249628813917517,0.0022740770560264975,0.0014990399911281374,4.582889322833333,-0.5142384322133333,7.2677699513,4.72356,-2.58084,8.01784,9.51415,10.3808,12.1644,0.940881,-3.37089,-3.98378,0.6894076419832048,15.489185847283638,4.266245314305409,4.074746800625,3.61579037676,4.610645154051666,4.63497,6.423365,3.320615,12.581,12.2554,12.1644,-2.80828,-3.37089,-3.98378,4.441802445679531,30.867114805712536,10.196520951591022,4.899260762263461,3.258719205525641,3.641495568628846,4.69722,0.378268,2.395295,12.581,12.2554,21.6618,-5.54952,-4.45542,-6.69869,8.601751518569099,28.53087219714791,11.583379762539039
05:24 AM,,4.7530200166666665,-2.638863616666667,7.98921145,4.7475,-2.64548,7.9915,4.8672,-2.52577,8.07769,4.69243,-2.75561,7.87898,0.0008410244692818568,0.001573215437482192,0.0009086656334532507,4.746884626666667,-2.6396958033333333,8.000426803333333,4.74032,-2.64548,8.00108,4.8672,-2.44198,8.116,4.6661,-2.75561,7.85025,0.0010597708007275297,0.0018106141876171942,0.0011247001946128544,4.606828682833333,-1.5334816955466666,7.733653986,4.72595,-2.60478,8.02023,9.51415,10.3808,12.1644,0.940881,-3.37089,-0.493184,0.5019181304903864,8.28641359875793,1.8760955780865876,3.8285871389583335,3.525004942643333,4.9705907347425,4.63497,6.423365,4.83249,12.581,12.2554,12.1644,-2.80828,-3.37089,-3.98378,2.834301021729585,31.802548414632902,9.879431378529677,4.8938444383524695,3.040290212111111,3.8025220827537036,4.7068,0.323203,2.582035,12.581,12.2554,21.6618,-5.54952,-4.45542,-6.69869,8.283942358964863,28.714734600806825,11.828582425950216
05:25 AM,,4.7588016,-2.6264421666666666,7.992291833333334,4.7534849999999995,-2.63351,7.9927,4.87438,-2.50423,8.08008,4.69483,-2.74124,7.8694,0.0008459687950984974,0.001860837923177518,0.0011186613034780148,4.751012843333333,-2.638379886666667,7.996078366666667,4.7451,-2.64548,7.99868,4.87438,-2.50423,8.10163,4.67807,-2.75561,7.86701,0.0009550665946803472,0.001792475821127531,0.0010749902618861793,4.6187652295,-2.46823163388,8.083063548333334,4.72834,-2.61675,8.02023,4.87438,3.61509,12.1644,0.940881,-3.37089,6.39464,0.25814853643482766,0.5315267089136515,0.06708227690924422,3.8085120209166665,3.12682163056,5.313968345425833,4.66849,3.55045,7.93165,9.51415,12.2554,12.1644,0.313627,-3.37089,-3.98378,1.8720342234281238,32.28318662772438,9.411418258059646,4.889021479839881,2.8379069128690477,3.952156716702976,4.71398,0.262154,2.70533,12.581,12.2554,21.6618,-5.54952,-4.45542,-6.69869,7.988727910321458,28.795172495693524,12.010727920473586
05:26 AM,,4.7648627333333335,-2.6372476,7.98767915,4.75707,-2.64309,7.98911,4.87438,-2.51141,8.08008,4.7044,-2.72927,7.86222,0.0010578585958553157,0.0015498640686878121,0.0009987175864215334,4.755103566666667,-2.63743186,7.99261094,4.74989,-2.64309,7.9939,4.87438,-2.50423,8.09924,4.67807,-2.75561,7.86222,0.000975379560132265,0.001757175856359186,0.0010385331771087653,4.737588318333334,-2.617097505,8.01684959,4.73792,-2.62633,8.01065,4.87438,-2.28636,8.66903,4.57752,-3.05248,7.788,0.0017604158260263335,0.0034465789224787206,0.0023850029895968305,3.9874186104166665,2.50389408806,5.677447806325834,4.69722,-2.48268,7.96756,9.51415,12.2554,12.1644,0.785264,-3.37089,-3.98378,1.5403428111499913,31.31432308526447,8.56146559183634,4.884740143753448,2.6491084813908046,4.091312662678735,4.71877,0.169981,2.84778,12.581,12.2554,21.6618,-5.54952,-4.45542,-6.69869,7.713788385550688,28.800344901266076,12.138809195277261
05:27 AM,,4.75981125,-2.650012116666667,7.989594333333334,4.75229,-2.65386,7.9939,4.85763,-2.53535,8.07051,4.70201,-2.75082,7.87659,0.0008695068323247086,0.0012616437729746793,0.0009229759831942076,4.757464973333334,-2.63890423,7.990256756666667,4.75229,-2.64548,7.9915,4.87438,-2.50423,8.08727,4.69243,-2.75561,7.86222,0.0009410588302760469,0.001654790336252517,0.0009905911543655731,4.744959361666667,-2.63042467,8.006176293333333,4.74271,-2.6359,8.00347,4.87438,-2.38692,8.66903,4.60625,-3.05248,7.85025,0.001345184467920516,0.0021834825300127685,0.0016157636429344408,4.136058411916666,1.89031412056,5.9947500854925,4.71398,-2.54253,7.97953,9.51415,12.2554,12.1644,0.861876,-3.37089,-3.98378,1.2927444474497798,29.724030409974347,7.902936652944636,4.880575847295,2.4724711281222223,4.2212553850338885,4.72356,-0.0263351,3.01417,12.581,12.2554,21.6618,-5.54952,-4.45542,-6.69869,7.457179684833367,28.745194207853075,12.223885884872756
05:28 AM,,4.759783583333333,-2.6546446833333333,7.992172066666667,4.75229,-2.65984,7.9939,4.84566,-2.53535,8.09924,4.7068,-2.73885,7.87419,0.0007971654380564832,0.0010895832880464659,0.0010599854805297669,4.759255836666667,-2.6414420366666667,7.990189766666667,4.75229,-2.64787,7.9915,4.87438,-2.50423,8.09924,4.69243,-2.75561,7.86222,0.0008953559846281982,0.0015645041110556735,0.0010036586892419653,4.750251965,-2.6366669116666666,8.000015468333332,4.7451,-2.64309,8.00108,4.87438,-2.44198,8.66903,4.60625,-3.05248,7.85025,0.00114106592917697,0.0019417762681568896,0.0013477012538563012,4.261601761916666,1.2877310363933334,6.283862240025833,4.72356,-2.57126,7.98671,9.51415,12.2554,12.1644,0.861876,-3.37089,-3.98378,1.113462163589139,27.568304921783366,7.292668365167801,4.8445845708111115,2.281664780467222,4.488275609456111,4.72595,-0.301656,3.33498,12.581,12.2554,12.1644,-5.54952,-3.37089,-6.69869,6.791164456385011,28.708046446315095,11.709664753687154
05:29 AM,,4.7560047,-2.6563842666666666,7.993871733333333,4.7475,-2.658645,7.99629,4.84805,-2.54253,8.08008,4.69962,-2.758,7.89574,0.0009027301244507502,0.0012264806275080681,0.0008568435455715037,4.759852773333333,-2.6449461666666667,7.991121823333334,4.75229,-2.65027,7.9939,4.87438,-2.50423,8.09924,4.69483,-2.758,7.86222,0.0009016592025094589,0.0015263054649271974,0.0009949598714659401,4.7533687,-2.642320985,7.995774313333333,4.7475,-2.64787,7.99629,4.87438,-2.44198,8.116,4.6661,-2.758,7.85025,0.001022601737232871,0.001675074430851583,0.0010813026366679286,4.404785226083333,0.6900325113933333,6.5396046591925,4.72834,-2.59281,7.98911,9.51415,12.2554,12.1644,0.861876,-3.37089,-3.98378,0.8231741373402458,24.780319317977973,6.7896774562438615,4.679388680811111,2.2224434182394446,4.784340498928334,4.72595,-0.33278,4.84685,12.581,12.2554,12.1644,-5.54952,-3.37089,-6.69869,5.972543880398939,29.175543627540044,11.060931659765739
05:30 AM,,4.760262083333333,-2.6527014833333333,7.99398345,4.75468,-2.656255,7.99629,4.83847,-2.54493,8.07769,4.69962,-2.75082,7.86461,0.000762747484300223,0.0011888070039730103,0.0009483666483447372,4.7601448699999995,-2.65019803,7.991460146666666,4.75229,-2.65506,7.9939,4.87438,-2.51141,8.09924,4.69962,-2.758,7.86222,0.0008847642425306105,0.0013080178445005995,0.0009621963182178906,4.755578856666666,-2.6442889583333336,7.993769256666667,4.74989,-2.65027,7.99629,4.87438,-2.50423,8.10163,4.67807,-2.758,7.86222,0.0009406140268972709,0.001584911363725551,0.0010237563740097858,4.53385067475,0.09228428056,6.808381337275834,4.73553,-2.60478,7.9939,9.51415,12.2554,12.1644,0.940881,-3.37089,-3.98378,0.5596576065463533,21.262143114863804,6.037382173298269,4.512497105811111,2.145583397851111,5.049858948494444,4.72356,-1.67108,7.91968,12.581,12.2554,12.1644,-5.54952,-3.37089,-6.69869,5.081509900685579,29.732280108863996,10.563809613110468
05:31 AM,,4.761670483333333,-2.652960983333333,7.9941432,4.75707,-2.65506,7.9939,4.84326,-2.53774,8.07051,4.69243,-2.73406,7.86222,0.0007279520196324433,0.0012163719467776857,0.000861375424801331,4.75950642,-2.6533407066666665,7.992752956666666,4.75229,-2.65745,7.9939,4.85763,-2.53535,8.09924,4.69243,-2.758,7.86222,0.0008144757005504503,0.0011995020503840833,0.0009316727022588707,4.757304993333333,-2.6453862833333335,7.992681948333333,4.75229,-2.65027,7.9939,4.87438,-2.50423,8.09924,4.67807,-2.758,7.86222,0.0008996255380896365,0.0015413759202731006,0.000984943771515912,4.61602569475,-0.44606795110666664,7.0042730745008335,4.73792,-2.61675,7.99629,9.51415,12.2554,12.1644,0.940881,-3.37089,-3.98378,0.4218522522273202,18.0772612704642,5.49162395487364,4.347304941366667,2.0465686508288887,5.273560875327778,4.72356,-2.48986,7.95559,12.581,12.2554,12.1644,-5.54952,-3.37089,-6.69869,4.153109547789635,30.378499487000564,10.328848819707321
05:32 AM,,4.76210545,-2.6506627833333334,7.992355566666666,4.75707,-2.65266,7.9939,4.84087,-2.54732,8.0753,4.69962,-2.73406,7.88377,0.0007499567109824714,0.0010716807239596544,0.0009286729098619876,4.7599652599999995,-2.6534708399999998,7.993305203333334,4.75468,-2.65745,7.9939,4.84805,-2.53535,8.09924,4.69243,-2.758,7.86222,0.0007917198140037346,0.001160761265716305,0.0009305410385048193,4.758715116666667,-2.646187535,7.99178098,4.75229,-2.65027,7.9939,4.87438,-2.50423,8.09924,4.69243,-2.758,7.86222,0.0008678080187228424,0.0014605965068582509,0.0009627296194428361,4.663144723083334,-1.0205940002733334,7.309805165150833,4.74271,-2.62393,7.99868,9.51415,12.2554,12.1644,0.940881,-3.37089,-3.98378,0.37861532897698197,13.665134336304368,4.032331776584608,4.270336510583333,1.8426640595066666,5.490319916728334,4.72595,-2.54493,7.96756,12.581,12.2554,12.1644,-2.80828,-3.37089,-6.69869,3.442467246227293,30.388676805315534,10.025937067184067
05:33 AM,,4.762923583333333,-2.65253395,7.992179816666667,4.75707,-2.65506,7.9915,4.85044,-2.54014,8.06811,4.70919,-2.75321,7.86461,0.0007278290928144135,0.001127089176525041,0.0008072136505506354,4.76059326,-2.6530486933333335,7.993306753333333,4.75468,-2.65506,7.9939,4.85044,-2.53774,8.08008,4.69243,-2.758,7.86222,0.0007792208408526843,0.0011679741088622426,0.0008800505965246594,4.759924548333333,-2.647245365,7.99174826,4.75229,-2.65266,7.9939,4.87438,-2.50423,8.09924,4.69243,-2.758,7.86222,0.000837596091244538,0.0013996955992666522,0.0009441269472969452,4.671406935583334,-1.5807418986066666,7.62975910565,4.7451,-2.63111,8.00108,9.51415,10.3808,12.1644,0.940881,-3.37089,-3.98378,0.3529298771907767,8.88217171411805,2.264463974704502,4.303139383194444,1.5281117961733333,5.737679522701111,4.73074,-2.57126,7.97474,12.581,12.2554,12.1644,-2.80828,-3.37089,-3.98378,3.065730677730914,29.295259410961588,9.338360551581275
05:34 AM,,4.761559133333333,-2.6524183166666666,7.991709166666666,4.75707,-2.65506,7.9939,4.86002,-2.54493,8.08727,4.70201,-2.73885,7.86701,0.0007207552613511408,0.00102549378397301,0.0009307959846132394,4.761704146666666,-2.6522555033333335,7.99287424,4.75707,-2.65506,7.9939,4.86002,-2.53774,8.08727,4.69243,-2.75321,7.86222,0.0007376141941365348,0.0011250545439279646,0.0008950809920197354,4.76077846,-2.648600835,7.991998031666666,4.75468,-2.65266,7.9939,4.87438,-2.50423,8.09924,4.69243,-2.758,7.86222,0.0008203571080797469,0.0013388178480274458,0.0009456307711041769,4.683803571416667,-2.0910412652733332,7.862826008833333,4.7451,-2.6359,8.00108,9.51415,10.3808,12.1644,0.940881,-3.37089,-0.493184,0.257273921891174,4.454429438515257,0.9551291899101221,4.139317579305556,1.4671363500955557,5.977726500383889,4.73074,-2.58802,7.97953,12.581,12.2554,12.1644,-2.80828,-3.37089,-3.98378,2.082872488367481,29.671673047750158,8.615177407944877
05:35 AM,,4.76263245,-2.6495732,7.989921683333333,4.75707,-2.65266,7.9915,4.84805,-2.56408,8.07769,4.71159,-2.73167,7.8694,0.000688880694655261,0.0010209691613622706,0.0009757734076791823,4.76217822,-2.651629846666667,7.992061886666667,4.75707,-2.65506,7.9939,4.86002,-2.53774,8.08727,4.69243,-2.75321,7.86222,0.0007223920789912646,0.0010925398074456373,0.0009013928431215246,4.761161545,-2.6509139383333333,7.991761016666667,4.75468,-2.65506,7.9939,4.87438,-2.51141,8.09924,4.69243,-2.758,7.86222,0.0008044780090978252,0.001200591356332252,0.000931729793531973,4.68996338725,-2.5595727861066666,8.0374122825,4.7451,-2.64069,8.00347,4.87438,3.61509,12.1644,0.940881,-3.37089,6.39464,0.1345353167474819,0.2746853527294586,0.036088380954761426,4.126061862277778,1.2009097742622221,6.206565902506111,4.731935,-2.59999,7.98193,9.51415,12.2554,12.1644,0.313627,-3.37089,-3.98378,1.4499432842622058,28.940611806757726,7.867964413917083
05:36 AM,,4.7619182166666665,-2.6476500666666665,7.991481533333333,4.75468,-2.64787,7.9939,4.84087,-2.54493,8.08487,4.70919,-2.74603,7.8694,0.00069982336158904,0.0011502022590940452,0.000994355851067329,4.762227766666666,-2.6505676633333333,7.991529553333334,4.75707,-2.65266,7.9939,4.86002,-2.54014,8.08727,4.69962,-2.75321,7.86461,0.0007167333435267323,0.0010810091943047567,0.0009268707043686067,4.760867093333333,-2.651954185,7.992141255,4.75468,-2.65506,7.9939,4.86002,-2.53535,8.09924,4.69243,-2.758,7.86222,0.0007673286405580493,0.0011419883108542504,0.0009294910401816672,4.749227705833333,-2.634525845,8.0044954225,4.7475,-2.64309,8.00108,4.87438,-2.28636,8.66903,4.57752,-3.05248,7.788,0.001399253533756278,0.0025978647599493036,0.0018097470739276507,4.245234771388889,0.78527799704,6.449012289217222,4.73553,-2.60957,7.98432,9.51415,12.2554,12.1644,0.785264,-3.37089,-3.98378,1.1600681603648995,26.78362682078051,6.898484621286444
05:37 AM,,4.755062916666667,-2.6645202666666665,7.986964783333334,4.74989,-2.66942,7.98671,4.84566,-2.5569,8.06332,4.67567,-2.86813,7.86461,0.0007022324848010565,0.0011335779184596542,0.0009240632897693328,4.76081926,-2.65333916,7.990451396666667,4.75468,-2.65506,7.9915,4.86002,-2.54014,8.08727,4.67567,-2.86813,7.86461,0.0007154841217596542,0.0011246345672168052,0.000928819510119357,4.76039226,-2.653405,7.9918783,4.75468,-2.65506,7.9939,4.86002,-2.53535,8.09924,4.67567,-2.86813,7.86222,0.0007536587060100688,0.0011425117706951155,0.0009315616942923773,4.752675810833333,-2.641914835,7.999027296666666,4.74989,-2.64787,7.99868,4.87438,-2.38692,8.66903,4.60625,-3.05248,7.85025,0.0011088826779990485,0.0017948934503436366,0.001324668933919811,4.344169694611111,0.3757410803733333,6.660459490328333,4.73792,-2.61675,7.98671,9.51415,12.2554,12.1644,0.861876,-3.37089,-3.98378,0.9486823067380096,24.403968476224502,6.1551758296580035
05:38 AM,,4.754484166666667,-2.6650908833333333,7.983429766666666,4.7475,-2.66703,7.98671,4.84326,-2.56408,8.0729,4.70201,-2.7604,7.8694,0.0007663517278519748,0.0011956661910381182,0.0009306698867568133,4.759131376666667,-2.6558505466666666,7.9887013866666665,4.75468,-2.65745,7.98911,4.86002,-2.54493,8.08727,4.67567,-2.86813,7.86461,0.0007274718998380689,0.001159522605102856,0.0009596805277197239,4.759862318333333,-2.65444962,7.99100407,4.75468,-2.65745,7.9915,4.86002,-2.53774,8.08727,4.67567,-2.86813,7.86222,0.0007537551564680756,0.001165517289270478,0.0009250154600451029,4.755057141666667,-2.6455582658333334,7.995509769166667,4.74989,-2.65027,7.99629,4.87438,-2.44198,8.66903,4.60625,-3.05248,7.85025,0.0009704232324659689,0.0016325800648397354,0.0011565666694274964,4.427688614055556,-0.026329182404444443,6.852909516683889,4.74032,-2.62393,7.98911,9.51415,12.2554,12.1644,0.861876,-3.37089,-3.98378,0.7977114621041346,21.8324482474173,5.509617744984912
05:39 AM,,4.754604,-2.6647878,7.9870965499999995,4.74989,-2.66463,7.98671,4.84566,-2.56647,8.06572,4.69962,-2.76279,7.8718,0.0006563639188647735,0.0009878049774557597,0.0008660376480108473,4.75774035,-2.6583244433333335,7.987778863333333,4.75229,-2.65984,7.98911,4.84805,-2.54493,8.08487,4.67567,-2.86813,7.86461,0.0007155968089804939,0.0011594960920541398,0.0009446001224488004,4.7597222483333335,-2.6552899733333333,7.990326551666667,4.75468,-2.65745,7.9915,4.86002,-2.53774,8.08727,4.67567,-2.86813,7.86222,0.0007304129562210345,0.0011512944501409787,0.0009261790227294475,4.756545474166667,-2.6488054791666666,7.9930504325,4.75229,-2.65266,7.9939,4.87438,-2.44198,8.116,4.6661,-2.86813,7.85025,0.0008865270335279595,0.0014551188342565868,0.001011077322798172,4.523097566833333,-0.42507498351555556,7.023178623350556,4.74271,-2.62872,7.9915,9.51415,12.2554,12.1644,0.861876,-3.37089,-3.98378,0.5770081326920811,19.00720530135537,4.9943481294873475
05:40 AM,,4.772392216666667,-2.66030245,7.978214383333333,4.77144,-2.66463,7.97714,4.8672,-2.53056,8.16148,4.7068,-2.81067,7.86222,0.0008345577264638294,0.0011808458983280465,0.0013230726707376124,4.759692303333333,-2.6604702933333333,7.985437403333333,4.75468,-2.66224,7.98671,4.8672,-2.53056,8.16148,4.67567,-2.86813,7.86222,0.0007790435943260979,0.0011722833875097917,0.0010258663824848123,4.760935261666667,-2.65605007,7.9887496449999995,4.75468,-2.65745,7.98911,4.8672,-2.53056,8.16148,4.67567,-2.86813,7.86222,0.0007521378991147169,0.001151764462005434,0.0009744417547497619,4.758257059166667,-2.6501695141666666,7.991259450833334,4.75229,-2.65506,7.9939,4.87438,-2.50423,8.16148,4.67567,-2.86813,7.86222,0.0008534787922091831,0.001402807694096807,0.0010053154494775345,4.609545537055555,-0.8238271696266667,7.201837439850555,4.7451,-2.63351,7.9915,9.51415,12.2554,12.1644,0.940881,-3.37089,-3.98378,0.38480545222884244,15.853365824775297,4.334767028224408
05:41 AM,,4.781090483333333,-2.6692724666666665,7.96912465,4.77383,-2.67181,7.96995,4.8672,-2.54014,8.05854,4.73074,-2.75321,7.84067,0.0006836397301499711,0.0011066138039220923,0.0011220152052195296,4.763526756666667,-2.6647947733333335,7.980966026666667,4.75947,-2.66703,7.98193,4.8672,-2.53056,8.16148,4.67567,-2.86813,7.84067,0.0008517189387603758,0.0011274881756738464,0.0010772945163847463,4.762877261666667,-2.6576812183333334,7.98624779,4.75707,-2.65984,7.98671,4.8672,-2.53056,8.16148,4.67567,-2.86813,7.84067,0.0007845173290730434,0.0011546757127844608,0.001029817242956388,4.7600911275,-2.6515337508333334,7.9894648691666665,4.75468,-2.65506,7.9915,4.87438,-2.50423,8.16148,4.67567,-2.86813,7.84067,0.0008497644456408805,0.0013857079778877394,0.0010176470127672753,4.664976217055556,-1.1832723735155555,7.331597979667222,4.7475,-2.6383,7.9939,9.51415,12.2554,12.1644,0.940881,-3.37089,-3.98378,0.28628107254604396,13.138558689871267,3.8756192608304896
05:42 AM,,4.781912566666667,-2.66720955,7.970050366666666,4.77623,-2.67181,7.97235,4.8672,-2.56647,8.04896,4.72834,-2.76518,7.85983,0.0007136814351374512,0.0010312149762579294,0.0008867613681457977,4.768896686666666,-2.66533263,7.977583143333333,4.76665,-2.66703,7.97953,4.8672,-2.53056,8.16148,4.69962,-2.81067,7.84067,0.0008784579616757145,0.0011079050491994995,0.0010750352236273278,4.764857973333333,-2.659335895,7.98401727,4.75947,-2.66224,7.98671,4.8672,-2.53056,8.16148,4.67567,-2.86813,7.84067,0.0008131521154451973,0.0011520505573585343,0.0010431652379200825,4.761786545,-2.652761715,7.987899125,4.75707,-2.65745,7.98911,4.87438,-2.50423,8.16148,4.67567,-2.86813,7.84067,0.0008498444794529296,0.0013494381073677218,0.001017933896842441,4.697049139833333,-1.5668412985155555,7.534542533433889,4.74989,-2.64309,7.9939,9.51415,12.2554,12.1644,0.940881,-3.37089,-3.98378,0.25497337480088,9.707025837143124,2.7895135721318725
05:43 AM,,4.783109633333333,-2.6652904,7.96925625,4.77862,-2.66942,7.96995,4.85284,-2.53774,8.05135,4.71637,-2.76518,7.86222,0.0006943642375948799,0.0010895520215425706,0.0009029276011060077,4.77462178,-2.665372533333333,7.97474844,4.77144,-2.66942,7.97474,4.8672,-2.53056,8.16148,4.69962,-2.81067,7.84067,0.0008301490868605538,0.001086697593646771,0.001068489118539243,4.766876578333333,-2.66061154,7.981724913333333,4.76186,-2.66463,7.98193,4.8672,-2.53056,8.16148,4.67567,-2.86813,7.84067,0.0008386788185119501,0.0011455937191482577,0.0010625950742048523,4.763400563333334,-2.6539284525,7.986736586666667,4.75707,-2.65745,7.98911,4.87438,-2.50423,8.16148,4.67567,-2.86813,7.84067,0.0008501512915236164,0.0013172059774616985,0.001028396353211919,4.703230149833334,-1.9406984457377778,7.747081041544444,4.75229,-2.64548,7.9939,9.51415,10.3808,12.1644,0.940881,-3.37089,-3.98378,0.237585123695296,6.180816966722348,1.5374852747064947
05:44 AM,,4.785563766666667,-2.6568191166666666,7.97214545,4.78101,-2.65984,7.97235,4.86002,-2.54493,8.04417,4.73074,-2.74364,7.84786,0.0006017847534012232,0.0011808079823569836,0.0008580452428689464,4.780813733333333,-2.6637787966666666,7.97175822,4.77623,-2.66703,7.97235,4.8672,-2.53056,8.16148,4.7068,-2.81067,7.84067,0.0007246791153006555,0.0011372745274277978,0.0010287986030992969,4.769277041666666,-2.66105162,7.979768541666667,4.76665,-2.66463,7.97953,4.8672,-2.53056,8.16148,4.67567,-2.86813,7.84067,0.0008531353599915966,0.0011556326126443738,0.0010507108346623705,4.765027750833333,-2.6548262275,7.985883286666667,4.75947,-2.65745,7.98671,4.87438,-2.50423,8.16148,4.67567,-2.86813,7.84067,0.0008547344767893157,0.001285880027912236,0.0010354808375676154,4.7122947281666665,-2.2810447168488888,7.901806853111111,4.75229,-2.64787,7.9939,9.51415,10.3808,12.1644,0.940881,-3.37089,-0.493184,0.17341911240975036,3.0421289344280407,0.6401244840252567
05:45 AM,,4.7931087833333335,-2.6298418833333335,7.97812655,4.79059,-2.63351,7.97953,4.86481,-2.49705,8.05614,4.7451,-2.74124,7.8718,0.0004349971465973833,0.001429924293442126,0.0008197931364916502,4.784957046666666,-2.6576866833333335,7.971740653333334,4.78101,-2.66224,7.97235,4.8672,-2.49705,8.05854,4.71637,-2.76518,7.84067,0.0006437554285540061,0.0013778993638209956,0.0009280512814669759,4.772324675,-2.6590784883333334,7.978589028333333,4.76904,-2.66224,7.97953,4.8672,-2.49705,8.16148,4.67567,-2.86813,7.84067,0.0008708843395843063,0.0012768162690763763,0.0010237040365119457,4.76674311,-2.6549962133333334,7.9851750225,4.76186,-2.65745,7.98671,4.87438,-2.49705,8.16148,4.67567,-2.86813,7.84067,0.0008687678259800657,0.001255266936822557,0.0010210143658966478,4.7174171498333335,-2.5927413535155557,8.01780453111111,4.75468,-2.65027,7.9939,4.87438,3.61509,12.1644,0.940881,-3.37089,6.39464,0.09148548406497888,0.185744469542833,0.02516841960743611
05:46 AM,,2.5924098366666666,1.15154151,8.329169416666666,2.21813,4.177705,8.22373,10.862,8.69058,12.1836,-9.6961,-5.96131,1.71657,1.8330749511573021,15.165970378208995,0.3570070186505773,4.347220917333333,-1.893523888,8.043749606666667,4.77623,-2.65506,7.97953,10.862,8.69058,12.1836,-9.6961,-5.96131,1.71657,1.1367266595411722,5.349150550470766,0.09238131417376988,4.555373837,-2.279159330666667,8.012357816666666,4.76904,-2.66224,7.98193,10.862,8.69058,12.1836,-9.6961,-5.96131,1.71657,0.6120292356819245,2.8234325730530037,0.047707123576962544,4.658120465166666,-2.4655567578333333,8.002249535833334,4.76186,-2.65745,7.98671,10.862,8.69058,12.1836,-9.6961,-5.96131,1.71657,0.3169304962551882,1.4469164766958926,0.02441846647096546,4.684609749555555,-2.5160703402222224,8.007116220555556,4.75468,-2.65027,7.9939,10.862,8.69058,12.1836,-9.6961,-5.96131,1.71657,0.21327131050914,0.970836447749169,0.017120809958685722
05:47 AM,,2.1282658166666666,4.903584616666667,8.172056216666666,2.12117,4.9079,8.17106,2.32946,4.96536,8.21176,1.93204,4.81214,8.13036,0.006109381162270174,0.0005076585207209248,0.0002499212936758558,3.8164915673333333,-0.37936505466666665,8.084150776666666,4.76426,-2.63351,7.99629,10.862,8.69058,12.1836,-9.6961,-5.96131,1.71657,1.8033135353487664,12.17906458327356,0.09282825452027021,4.292694127,-1.5223488423333333,8.030866959999999,4.76665,-2.65745,7.98432,10.862,8.69058,12.1836,-9.6961,-5.96131,1.71657,1.128752301206289,7.395700771077346,0.0497834566850059,4.5265431935,-2.0878769211666666,8.01137263,4.75947,-2.65745,7.98911,10.862,8.69058,12.1836,-9.6961,-5.96131,1.71657,0.6193958566838018,4.017962075939032,0.02573545646163824,4.599348582888889,-2.2687261707777777,8.009640517777777,4.75468,-2.65027,7.9939,10.862,8.69058,12.1836,-9.6961,-5.96131,1.71657,0.4239692836290034,2.7447112561779243,0.01770102315885184
05:48 AM,,2.1771014666666666,4.893433816666667,8.1617417,2.16187,4.89354,8.16148,2.34622,4.95818,8.21655,2.08047,4.83608,8.12318,0.0028348090108669998,0.0003843632857426255,0.00018274088959266318,3.295289934,1.1323797886666667,8.122647866666666,2.32228,4.177705,8.15191,10.862,8.69058,12.1836,-9.6961,-5.96131,1.71657,1.8827661357618897,14.40968550016937,0.0897653301520996,4.034955857,-0.7664963723333333,8.048698153333333,4.76186,-2.64787,7.98911,10.862,8.69058,12.1836,-9.6961,-5.96131,1.71657,1.488838027028847,10.810516731117831,0.05087881056928471,4.3974090876666665,-1.7104729961666667,8.019851111666666,4.75707,-2.65266,7.9915,10.862,8.69058,12.1836,-9.6961,-5.96131,1.71657,0.8761171126242313,6.296556730087469,0.026731975506706425,4.515023380111111,-2.019204301333333,8.013239230555556,4.75468,-2.65027,7.9939,10.862,8.69058,12.1836,-9.6961,-5.96131,1.71657,0.6121099435094587,4.3888756929045565,0.018357444575401033
05:49 AM,,2.194770233333333,4.892136783333333,8.157013283333333,2.17624,4.89354,8.15669,2.36058,4.94142,8.20458,2.07808,4.80735,8.10402,0.0029602437692276017,0.0004020558502367819,0.00017988353327518872,2.7771312273333333,2.6421709686666666,8.159621433333333,2.18581,4.88636,8.16148,10.862,8.69058,12.1836,-9.6961,-5.96131,1.71657,1.4126373895804072,12.084834514745841,0.08396694732578748,3.7789724803333336,-0.01080391400000001,8.065689826666667,4.75947,-2.63351,7.99868,10.862,8.69058,12.1836,-9.6961,-5.96131,1.71657,1.710416439622285,13.081427531987302,0.051315406305487546,4.269347364333333,-1.3330469436666668,8.028008189166666,4.75468,-2.65027,7.9939,10.862,8.69058,12.1836,-9.6961,-5.96131,1.71657,1.0959896900503892,8.28921659586826,0.027538639890003387,4.430687809555556,-1.769471624111111,8.01726356388889,4.75229,-2.65027,7.9939,10.862,8.69058,12.1836,-9.6961,-5.96131,1.71657,0.7830446964974973,5.907503348328862,0.018949884191481556
05:50 AM,,2.2144217833333335,4.8878515,8.154044633333333,2.19539,4.88875,8.1543,2.34382,4.9486,8.19261,2.14272,4.81453,8.1136,0.002528025940553978,0.0003855172464941545,0.0001717510522860402,2.2613938273333334,4.1457096453333335,8.19480505,2.17145,4.89354,8.16388,10.862,8.69058,12.1836,-9.6961,-5.96131,1.71657,0.39722704420325927,5.271518631376405,0.07601515904954735,3.523175437,0.744011481,8.083272851666667,4.74032,-2.60478,8.02981,10.862,8.69058,12.1836,-9.6961,-5.96131,1.71657,1.7912604619192922,14.209488098526846,0.05090669701168662,4.142055349333333,-0.9560192945,8.036011248333333,4.75229,-2.64787,7.99629,10.862,8.69058,12.1836,-9.6961,-5.96131,1.71657,1.2789758927399946,9.995073271925635,0.028172252792357695,4.346563185111111,-1.5187758491111112,8.021930584444444,4.75229,-2.64787,7.99629,10.862,8.69058,12.1836,-9.6961,-5.96131,1.71657,0.9365919693725724,7.297150391932127,0.019518746551644626
05:51 AM,,2.219078233333333,4.888162816666666,8.155951766666666,2.20018,4.88875,8.15669,2.36058,4.94142,8.19739,2.13793,4.8265,8.1136,0.0025221206249204224,0.00034207830140205647,0.00017091656214914536,2.1867275066666667,4.893033906666667,8.16016152,2.17863,4.89354,8.15909,2.36058,4.96536,8.21655,1.93204,4.80735,8.10402,0.004464484290546805,0.00043637962901429245,0.00023260789718867247,3.266974212,1.4997550093333334,8.101955563333334,2.28158,4.8672,8.14712,10.862,8.69058,12.1836,-9.6961,-5.96131,1.71657,1.7376279224291473,14.190608643756555,0.049687740063293205,4.014925736833334,-0.5789631045,8.044101676666667,4.74989,-2.64309,7.99868,10.862,8.69058,12.1836,-9.6961,-5.96131,1.71657,1.428611886666861,11.416719402853762,0.02870401639382161,4.262385489,-1.2677708307777777,8.026961767222222,4.74989,-2.64548,7.99629,10.862,8.69058,12.1836,-9.6961,-5.96131,1.71657,1.075160771356444,8.56041345880697,0.020051343088076264
05:52 AM,,2.2214484833333334,4.887464733333333,8.154335983333333,2.206165,4.88875,8.1543,2.34622,4.94142,8.19979,2.14272,4.81932,8.1136,0.0022289307831716734,0.00037241256520422725,0.00016611763575932861,2.20536404,4.88980993,8.156617473333334,2.1906,4.89114,8.15669,2.36058,4.95818,8.21655,2.07808,4.80735,8.10402,0.002899401033689629,0.0003829033109320755,0.00018178850731840338,3.0109278036666667,2.2552224376666667,8.120384125,2.23369,4.87917,8.15191,10.862,8.69058,12.1836,-9.6961,-5.96131,1.71657,1.5519970762140052,13.030916909621993,0.04781034376202805,3.8878928885,-0.20205672866666669,8.0522006975,4.7475,-2.6383,8.00347,10.862,8.69058,12.1836,-9.6961,-5.96131,1.71657,1.5454722626843236,12.554215560268856,0.029074086000371858,4.1781669645555555,-1.0167669974444444,8.032060791666666,4.74989,-2.64309,7.99868,10.862,8.69058,12.1836,-9.6961,-5.96131,1.71657,1.1991028986349324,9.697310751707382,0.02051433646072664
05:53 AM,,2.2259133833333333,4.889104566666667,8.155584783333333,2.21215,4.89114,8.15669,2.3534,4.94381,8.19261,2.15469,4.81693,8.10642,0.0020554266314387858,0.00037359795239955384,0.00017544050813328622,2.2151264233333334,4.88894408,8.15538609,2.20018,4.89114,8.15669,2.36058,4.9486,8.20458,2.07808,4.80735,8.10402,0.0025730719392205283,0.00037747532372817415,0.00017377363789120503,2.755208178666667,3.010661934333333,8.139016978333334,2.21215,4.88396,8.1543,10.862,8.69058,12.1836,-9.6961,-5.96131,1.71657,1.2342493913250936,10.73236235637354,0.04523004820248662,3.7610423785,0.17502519716666665,8.060370945833334,4.74032,-2.63111,8.00826,10.862,8.69058,12.1836,-9.6961,-5.96131,1.71657,1.6292793218971442,13.4078125389313,0.0293301065216072,4.094003101777778,-0.7657316568888889,8.037496717222222,4.7475,-2.64069,7.99868,10.862,8.69058,12.1836,-9.6961,-5.96131,1.71657,1.308173214025168,10.708905157665807,0.020914053989306108
05:54 AM,,2.2335744,4.8876161,8.1555807,2.21694,4.88875,8.15669,2.37255,4.95339,8.19261,2.15229,4.83129,8.10642,0.002340729791292152,0.0003355914021268756,0.00017718597647079263,2.2228872566666666,4.888039943333333,8.155099573333333,2.20736,4.88875,8.1543,2.37255,4.95339,8.19979,2.13793,4.81453,8.10642,0.0023742695211478367,0.00036169590126387477,0.00017263057587658907,2.500009242,3.765105456,8.157360503333333,2.20257,4.88875,8.15669,10.862,8.69058,12.1836,-9.6961,-5.96131,1.71657,0.784197288577445,7.302782899280901,0.04206788880711451,3.634643141833333,0.552026918,8.0685645225,4.73553,-2.61675,8.02023,10.862,8.69058,12.1836,-9.6961,-5.96131,1.71657,1.6799938772408256,13.976398995674971,0.029442886390271185,4.010021581222222,-0.5148489996666666,8.043042358888888,4.7451,-2.6383,8.00108,10.862,8.69058,12.1836,-9.6961,-5.96131,1.71657,1.402071830356875,11.594361640672794,0.02124605494009898
05:55 AM,,2.23718185,4.8864710166666665,8.15040195,2.2229200000000002,4.88636,8.15191,2.36058,4.94621,8.19739,2.16666,4.82411,8.11121,0.002017144282548413,0.00031909930864746586,0.000176024485840574,2.22743927,4.887763846666666,8.154371036666667,2.21215,4.88875,8.1543,2.37255,4.95339,8.19979,2.13793,4.81693,8.10642,0.0022780448151054674,0.00034883914205050367,0.00017714553073557522,2.2444165486666665,4.516736746,8.174588043333333,2.20018,4.89114,8.15909,10.862,8.69058,12.1836,-9.6961,-5.96131,1.71657,0.2000075229057559,2.773178396509339,0.03849859736416549,3.5083706118333335,0.9288291288333334,8.076588535833332,4.71398,-2.59281,8.04657,10.862,8.69058,12.1836,-9.6961,-5.96131,1.71657,1.6981438495383872,14.261265909936558,0.02936420766276978,3.9259675895555555,-0.2644185602222222,8.048312696111111,4.7451,-2.6359,8.00587,10.862,8.69058,12.1836,-9.6961,-5.96131,1.71657,1.4811264294175295,12.35548495519677,0.021485271782257776
05:56 AM,,2.2398632333333333,4.8896153,8.151973733333334,2.22412,4.89114,8.15191,2.37734,4.94621,8.19739,2.15948,4.82171,8.10402,0.002308420535437952,0.00036750304865776123,0.0001966812013978931,2.23159627,4.888054343333334,8.15357543,2.21694,4.88875,8.1543,2.37734,4.95339,8.19979,2.14272,4.81693,8.10402,0.0022349706096569844,0.00035448685131922675,0.00018230827250594313,2.2091618883333335,4.890544125,8.156868475,2.20257,4.89114,8.15669,2.37734,4.96536,8.21655,1.93204,4.80735,8.10402,0.0038525544474587734,0.0004015673697293283,0.00021826945576701185,3.3822678626666667,1.3056923971666667,8.084613145833334,2.31509,4.85523,8.13754,10.862,8.69058,12.1836,-9.6961,-5.96131,1.71657,1.6842075492278425,14.264032330610183,0.029181967157191832,3.8418009395555557,-0.013523130222222235,8.053789182222221,4.74032,-2.63111,8.00826,10.862,8.69058,12.1836,-9.6961,-5.96131,1.71657,1.5453943520683644,12.990323940230592,0.021664239293647553
05:57 AM,,2.2449227166666668,4.8899144833333335,8.154603083333333,2.22891,4.89114,8.1543,2.38692,4.9486,8.21655,2.16666,4.83129,8.12078,0.002375385165729271,0.00036782055198636497,0.00018801056293128252,2.2362911166666666,4.888544293333333,8.15362885,2.22172,4.88875,8.1543,2.38692,4.95339,8.21655,2.15229,4.81693,8.10402,0.002257101781180115,0.00035395224631605917,0.00018677372108453613,2.2208275783333336,4.889177111666666,8.155123161666667,2.20975,4.89114,8.1543,2.38692,4.95818,8.21655,2.07808,4.80735,8.10402,0.0028169825051697246,0.000368766889555788,0.0001864837351430626,3.2567608526666665,1.6834141346666667,8.092995060833333,2.28636,4.8696,8.14233,10.862,8.69058,12.1836,-9.6961,-5.96131,1.71657,1.6389846753426798,13.97549931950248,0.028843110554075808,3.7579713217777777,0.23780775644444443,8.059289473888889,4.73792,-2.62633,8.01305,10.862,8.69058,12.1836,-9.6961,-5.96131,1.71657,1.59532907130902,13.496909333299985,0.02181095168776697
05:58 AM,,2.2472809,4.887600366666667,8.155441166666666,2.2313,4.88875,8.1543,2.37495,4.94142,8.20218,2.17624,4.81693,8.11121,0.0021205060816594334,0.00032897320053310833,0.00018505554821926265,2.2405646200000002,4.888243453333334,8.153600126666667,2.22651,4.88875,8.1543,2.38692,4.95339,8.21655,2.15229,4.81693,8.10402,0.002254447860409069,0.00034506412171505857,0.0001885850661393432,2.2278455216666666,4.888593766666666,8.154493108333334,2.21454,4.88875,8.1543,2.38692,4.95339,8.21655,2.07808,4.80735,8.10402,0.002575159968922684,0.000361332240952379,0.00018194669960487265,3.1314006893333333,2.0610486971666666,8.101595630833334,2.26721,4.87438,8.14712,10.862,8.69058,12.1836,-9.6961,-5.96131,1.71657,1.5621244271193664,13.400665967391822,0.028326627249472842,3.674221232333333,0.48921592477777776,8.064731777222223,4.73553,-2.61914,8.02023,10.862,8.69058,12.1836,-9.6961,-5.96131,1.71657,1.630979603682997,13.87550866146783,0.02191023620320277
05:59 AM,,2.248142816666667,4.890899966666667,8.15422435,2.23369,4.89114,8.1543,2.37255,4.951,8.20936,2.16905,4.83129,8.1136,0.002020520485709238,0.0003343986480790189,0.00020858814849166127,2.243478303333333,4.888900226666666,8.153328856666667,2.22891,4.88875,8.1543,2.38692,4.951,8.21655,2.15948,4.81693,8.10402,0.0021837127846161945,0.00034572753659415175,0.0001940766730838248,2.23318278,4.888470085,8.154214215,2.21933,4.88875,8.1543,2.38692,4.95339,8.21655,2.13793,4.81453,8.10402,0.002384626727659543,0.00035383780984441377,0.00018410705049219837,3.0060776301666667,2.4388330854999998,8.109952020833333,2.25285,4.87917,8.14951,10.862,8.69058,12.1836,-9.6961,-5.96131,1.71657,1.453745394616482,12.541567096361815,0.027706915793974066,3.5906258362222223,0.7407920658888889,8.070076864444445,4.73074,-2.60717,8.02981,10.862,8.69058,12.1836,-9.6961,-5.96131,1.71657,1.6528112964402017,14.128203186777139,0.02195968898620086
06:00 AM,,2.2544074,4.888398333333333,8.150489533333333,2.24088,4.88875,8.15191,2.37016,4.94142,8.19739,2.17145,4.8289,8.10402,0.0021688588927278795,0.0003675938462993862,0.00020348009059989542,2.2469234133333336,4.88928569,8.153346373333333,2.2313,4.89114,8.1543,2.38692,4.951,8.21655,2.15948,4.81693,8.10402,0.002218107783076848,0.0003541346668128359,0.00019945912435541537,2.2371813416666666,4.888524768333333,8.153858705,2.22412,4.88875,8.1543,2.38692,4.95339,8.21655,2.13793,4.81693,8.10402,0.0023426253382396365,0.0003520074118149645,0.00018853346608399692,2.8801783893333335,2.8162681246666668,8.118565778333334,2.24327,4.88157,8.14951,10.862,8.69058,12.1836,-9.6961,-5.96131,1.71657,1.3102064638848678,11.398933407965139,0.026791180574092043,3.507097346777778,0.9921620597777777,8.07529373388889,4.71159,-2.58563,8.05614,10.862,8.69058,12.1836,-9.6961,-5.96131,1.71657,1.6597958268085764,14.254557313845249,0.021930216439232476
06:01 AM,,2.25486215,4.8897028,8.152341216666667,2.24088,4.89114,8.15191,2.37495,4.94381,8.19979,2.18581,4.81932,8.10642,0.0021314417921978303,0.00036589278346577434,0.00020659215995298572,2.249923196666667,4.88930319,8.15341987,2.23609,4.89114,8.1543,2.38692,4.951,8.21655,2.16666,4.81693,8.10402,0.0021763939023154277,0.00035382580892687383,0.00020125845029987478,2.2407597333333333,4.888678766666667,8.15349765,2.22651,4.88875,8.1543,2.38692,4.95339,8.21655,2.14272,4.81693,8.10402,0.0022892976384352942,0.00035448726372284083,0.00019175744291799433,2.7538669726666667,3.194216888,8.127726606666666,2.23609,4.88396,8.15191,10.862,8.69058,12.1836,-9.6961,-5.96131,1.71657,1.1331870882457473,9.966330571051378,0.025601872292159638,3.423537069,1.243584185888889,8.080567001111111,2.33185,4.85284,8.13275,10.862,8.69058,12.1836,-9.6961,-5.96131,1.71657,1.6526644567225561,14.254779332700544,0.021858978917479857
06:02 AM,,2.2541518833333334,4.889794816666667,8.15089225,2.24088,4.88875,8.15191,2.38931,4.95339,8.19979,2.17863,4.81214,8.10642,0.0021930285208210903,0.0003899981061432924,0.00022184640878548283,2.25176903,4.889279256666667,8.152677703333334,2.23609,4.88875,8.15191,2.38931,4.95339,8.20936,2.16905,4.81214,8.10402,0.0021351379043272095,0.0003582284254225945,0.00020846370506035034,2.244030073333333,4.888911775,8.153153276666666,2.2313,4.88875,8.1543,2.38931,4.95339,8.21655,2.15229,4.81214,8.10402,0.0022556551956272267,0.00035616604287318535,0.0001978119788266013,2.6274789385,3.5720671063333334,8.136768700833333,2.2313,4.88636,8.15191,10.862,8.69058,12.1836,-9.6961,-5.96131,1.71657,0.9241068857486157,8.249317922965531,0.02427055406219235,3.339938616777778,1.4949327725555555,8.085851557222222,2.31031,4.86481,8.13754,10.862,8.69058,12.1836,-9.6961,-5.96131,1.71657,1.631579153053974,14.12922997772439,0.021713002107953277
06:03 AM,,2.2538845333333333,4.8913789,8.153202633333333,2.237285,4.89234,8.15191,2.37973,4.9486,8.19739,2.17384,4.8289,8.09924,0.002305611096276015,0.00035151068860433845,0.00019530322477351867,2.2530897566666668,4.890034963333333,8.152229996666666,2.23848,4.89114,8.15191,2.38931,4.95339,8.20936,2.16905,4.81214,8.09924,0.0021672299927050238,0.00036247670016537547,0.00020883727212403795,2.2468271883333335,4.889139208333333,8.152915061666667,2.23369,4.88875,8.15191,2.38931,4.95339,8.21655,2.15229,4.81214,8.09924,0.0022496966918265013,0.00035451395014828664,0.0001991474373690999,2.5010176835,3.9499005713333335,8.14596602,2.22651,4.88875,8.1543,10.862,8.69058,12.1836,-9.6961,-5.96131,1.71657,0.682816211601834,6.248153938817836,0.022760997983541566,3.2563039817777777,1.7463965342222223,8.091218984444444,2.29355,4.8696,8.14233,10.862,8.69058,12.1836,-9.6961,-5.96131,1.71657,1.5964558632381798,13.87710167370049,0.021522544982000978
06:04 AM,,2.25051705,4.8930310666666665,8.154890233333333,2.23369,4.89354,8.1543,2.37016,4.94621,8.19739,2.18102,4.83129,8.11121,0.0022120191927854755,0.00035360792406900245,0.00019048675887702545,2.2535646033333334,4.890461183333334,8.152363173333333,2.23848,4.89114,8.15191,2.38931,4.95339,8.19979,2.17145,4.81214,8.09924,0.0022016812264514726,0.0003677779367453021,0.00020582417038675872,2.2485214533333333,4.889680705,8.152846015,2.23369,4.89114,8.15191,2.38931,4.95339,8.21655,2.15948,4.81214,8.09924,0.0022177690966372616,0.000357302515938963,0.00020015026604745735,2.374265347666667,4.3273930805,8.155103259166667,2.22412,4.88875,8.1543,10.862,8.69058,12.1836,-9.6961,-5.96131,1.71657,0.40898760351130675,3.9674595001724713,0.021137353797369286,3.172602579,1.9979115136666667,8.096658353333334,2.28158,4.87438,8.14472,10.862,8.69058,12.1836,-9.6961,-5.96131,1.71657,1.5476906645449058,13.49885640926712,0.02127336936246418
06:05 AM,,2.253022666666667,4.892504183333333,8.152655866666667,2.23609,4.89354,8.15191,2.37973,4.94621,8.21176,2.17145,4.81693,8.116,0.002388532140122426,0.0003568072290481342,0.00019625191443962964,2.2532876566666666,4.891282353333334,8.15279644,2.23848,4.89114,8.15191,2.38931,4.95339,8.21176,2.17145,4.81214,8.09924,0.0022453972018760806,0.00036493264000848983,0.0002035074808200145,2.250105535,4.890284021666667,8.153071406666667,2.23609,4.89114,8.1543,2.38931,4.95339,8.21655,2.15948,4.81214,8.09924,0.002241508057956768,0.0003604705534017624,0.00020152533571058193,2.247261041833333,4.703510383833334,8.163829725,2.22172,4.89114,8.15669,10.862,8.69058,12.1836,-9.6961,-5.96131,1.71657,0.1011241795522806,1.4215411588451827,0.01946419976972186,3.0889489195555555,2.2493140931111113,8.102082826111111,2.272,4.87678,8.14472,10.862,8.69058,12.1836,-9.6961,-5.96131,1.71657,1.4846601962200325,12.994921472748,0.02094275217279492
06:06 AM,,2.2510516,4.89325045,8.151534866666667,2.23369,4.89354,8.15191,2.37016,4.94621,8.195,2.17384,4.83129,8.10881,0.002257436735332221,0.00035622067408764446,0.00020661370582527214,2.2525255466666665,4.891991883333334,8.15263517,2.23609,4.89354,8.15191,2.38931,4.95339,8.21176,2.17145,4.81214,8.09924,0.002270485927476981,0.0003627729726105906,0.00020376272768033446,2.251224371666667,4.890647536666666,8.15302752,2.23609,4.89114,8.1543,2.38931,4.95339,8.21655,2.16666,4.81214,8.09924,0.0022247626184082655,0.0003600472334708989,0.0002026307957822383,2.23019313,4.890595830833333,8.1549479975,2.22172,4.89114,8.1543,2.38931,4.96536,8.21655,1.93204,4.80735,8.09924,0.003480755278826335,0.0003807782387296084,0.00021412112800900314,3.0052533656666665,2.5006774436666666,8.107417937222221,2.26242,4.87917,8.14712,10.862,8.69058,12.1836,-9.6961,-5.96131,1.71657,1.4078110032927709,12.36534792306545,0.020561815236041395
06:07 AM,,2.2530942666666665,4.8932624,8.153190649999999,2.237285,4.89354,8.15191,2.37973,4.95339,8.195,2.17863,4.83847,8.10402,0.0022310446462058993,0.0003635119611752909,0.0001917841737003418,2.252314023333333,4.8926853999999995,8.15309485,2.23609,4.89354,8.1543,2.37973,4.95339,8.21176,2.17145,4.81693,8.09924,0.002277569793977448,0.0003563588910703552,0.00019700089934395582,2.2520415266666665,4.890982328333333,8.152886276666667,2.23609,4.89114,8.15191,2.38931,4.95339,8.21176,2.16905,4.81214,8.09924,0.0022060603290241262,0.0003601350359681901,0.00020274201793978676,2.2364345525,4.89007972,8.154004719166666,2.22412,4.89114,8.1543,2.38931,4.95818,8.21655,2.07808,4.80735,8.09924,0.002754910048670466,0.000365235359018183,0.00019584767532741803,2.9218544106666666,2.7526035325555553,8.112958799444444,2.25524,4.88157,8.14951,10.862,8.69058,12.1836,-9.6961,-5.96131,1.71657,1.3176984816657709,11.603319720699995,0.02009292537585177
06:08 AM,,2.2546227500000002,4.8930948,8.151155783333333,2.23848,4.89354,8.15071,2.38452,4.951,8.195,2.16666,4.82411,8.1136,0.0024570435284849753,0.00040874336924206876,0.0001801905018895454,2.2524616666666666,4.89302858,8.15268548,2.23609,4.89354,8.15191,2.38452,4.95339,8.21176,2.16666,4.81693,8.10402,0.0023083670135600758,0.00036736437884321295,0.0001945646689259165,2.2527757116666667,4.891531771666666,8.152457738333332,2.23609,4.89114,8.15191,2.38931,4.95339,8.21176,2.16666,4.81214,8.09924,0.0022375241152460717,0.00036710051793085064,0.00020171922300537258,2.2403106166666666,4.890062769166667,8.153475423333333,2.22651,4.89114,8.1543,2.38931,4.95339,8.21655,2.07808,4.80735,8.09924,0.0025615330395230155,0.00036634417373785895,0.00019285274296604397,2.838525696777778,3.0045430553333334,8.118549666666667,2.25045,4.88396,8.14951,10.862,8.69058,12.1836,-9.6961,-5.96131,1.71657,1.2136941671032635,10.714113612915463,0.01952603644105784
06:09 AM,,2.2553129666666667,4.894439316666666,8.152955233333333,2.24088,4.89593,8.1543,2.40607,4.95339,8.20218,2.17624,4.82411,8.10402,0.002341888386509738,0.0004045808855089026,0.00020126149243295045,2.25342085,4.89331023,8.15229848,2.23848,4.89354,8.15191,2.40607,4.95339,8.21176,2.16666,4.81693,8.10402,0.002334255835055852,0.0003778641877096685,0.00019560896907930064,2.253492726666667,4.891885706666667,8.152330826666667,2.23848,4.89354,8.15191,2.40607,4.95339,8.21176,2.16666,4.81214,8.09924,0.0022675956401053063,0.00037478852002062403,0.00020068415787627582,2.2433377533333334,4.890177895833333,8.153272520833333,2.22891,4.89114,8.1543,2.40607,4.95339,8.21655,2.13793,4.81214,8.09924,0.002429049402869394,0.000367199663886138,0.00019326643168971462,2.7552159956666666,3.2565172925555554,8.124078289444444,2.24566,4.88636,8.14951,10.862,8.69058,12.1836,-9.6961,-5.96131,1.71657,1.0957625670399787,9.698226601168267,0.018936776465938776
06:10 AM,,2.2621164,4.8930309,8.151279433333332,2.24566,4.89354,8.15191,2.39649,4.94621,8.19261,2.18581,4.82411,8.10881,0.002494241357636059,0.00036933167431385457,0.0002106312010139201,2.2552395966666667,4.893415573333333,8.152023193333333,2.23968,4.89354,8.15191,2.40607,4.95339,8.20218,2.16666,4.82411,8.10402,0.002367156377529832,0.00038024025955780673,0.0001985873895324739,2.2542636266666665,4.892348963333333,8.152409816666667,2.23848,4.89354,8.15191,2.40607,4.95339,8.21176,2.16666,4.81214,8.09924,0.0023068450223843527,0.00037366218822335777,0.00020116342420376386,2.2457224841666665,4.890436865833333,8.153134260833333,2.2313,4.89114,8.1543,2.40607,4.95339,8.21655,2.13793,4.81214,8.09924,0.0023974986312065164,0.0003664609828172323,0.0001953570695094329,2.671540135111111,3.508295070888889,8.129847124444444,2.24088,4.88636,8.15191,10.862,8.69058,12.1836,-9.6961,-5.96131,1.71657,0.9612802535663143,8.557058178585278,0.01818188959459755
06:11 AM,,2.27518805,4.89198945,8.1480036,2.26003,4.89354,8.148315,2.53056,4.951,8.18782,2.18821,4.80496,8.10402,0.003004262227743739,0.0003990626225684457,0.0002049391366010087,2.260066886666667,4.8931633733333335,8.15131694,2.24566,4.89354,8.15191,2.53056,4.95339,8.20218,2.16666,4.80496,8.10402,0.002569117420647371,0.0003891350411009878,0.0002009387574222148,2.2562962166666667,4.892577628333333,8.151976055,2.24088,4.89354,8.15191,2.53056,4.95339,8.21176,2.16666,4.80496,8.09924,0.002433618628857865,0.00037623449180716344,0.0002027515168064503,2.248527975,4.8906281975,8.1527368525,2.23369,4.89114,8.15191,2.53056,4.95339,8.21655,2.14272,4.80496,8.09924,0.0024216119368774477,0.0003691310257781402,0.00019781690169339269,2.588010054,3.7603371347777776,8.135809756111112,2.23848,4.88875,8.15191,10.862,8.69058,12.1836,-9.6961,-5.96131,1.71657,0.8112682804000716,7.285181086170575,0.01726569892554194
06:12 AM,,2.2757584,4.891626633333333,8.14740875,2.25764,4.89354,8.14712,2.40846,4.94621,8.19261,2.19299,4.8265,8.09684,0.0023970745830784626,0.00037410234857985375,0.0002481583845784698,2.2645997133333333,4.8928362199999995,8.15016056,2.25045,4.89354,8.14951,2.53056,4.95339,8.20218,2.16666,4.80496,8.09684,0.002621260160237901,0.0003916137380909621,0.0002132143173255155,2.2584568683333335,4.8927608099999995,8.151627705,2.24327,4.89354,8.15191,2.53056,4.95339,8.21176,2.16666,4.80496,8.09684,0.002486747508060674,0.0003739296607540241,0.00020722629129819886,2.2512434708333333,4.8908362924999995,8.152390490833334,2.23848,4.89114,8.15191,2.53056,4.95339,8.21655,2.15229,4.80496,8.09684,0.0024230411752095833,0.00036872150490485075,0.00020308414777973872,2.5044715817777776,4.012298340888889,8.141721702222222,2.23609,4.88875,8.15191,10.862,8.69058,12.1836,-9.6961,-5.96131,1.71657,0.6471462677637015,5.887145752392765,0.016298054821548086
06:13 AM,,2.2749922,4.8909120999999995,8.146060466666666,2.25644,4.89354,8.14712,2.41325,4.95818,8.19021,2.19778,4.81693,8.09924,0.0025176207013288807,0.0003923760409916512,0.00023025984919755775,2.2686736033333332,4.89239968,8.149141496666667,2.25285,4.89354,8.14951,2.53056,4.95818,8.20218,2.17624,4.80496,8.09684,0.0026184506825435027,0.0003888813250726227,0.00022534110836278332,2.260567635,4.89271413,8.150913488333334,2.24566,4.89354,8.15191,2.53056,4.95818,8.21176,2.16666,4.80496,8.09684,0.002528715887037948,0.00037815871626247557,0.0002130583685429618,2.253697411666667,4.890926669166666,8.151914275,2.24088,4.89114,8.15191,2.53056,4.95818,8.21655,2.15229,4.80496,8.09684,0.0024362110746234157,0.0003695010851376424,0.0002070873837063582,2.4208676673333334,4.264171757555555,8.147615176111112,2.23609,4.89114,8.15191,10.862,8.69058,12.1836,-9.6961,-5.96131,1.71657,0.4688897379249601,4.362990016758536,0.015250028430970711
06:14 AM,,2.2691949166666667,4.8940524,8.148310933333333,2.25285,4.89354,8.14712,2.39649,4.9486,8.195,2.18821,4.84087,8.10642,0.0023829693572551473,0.00033064704498163495,0.00021667407325098084,2.2714499933333334,4.892322296666666,8.148212636666667,2.25524,4.89354,8.14951,2.53056,4.95818,8.195,2.18581,4.80496,8.09684,0.0025832861511836825,0.0003738224669142921,0.00022478457020473074,2.262435421666667,4.892816263333334,8.150255558333333,2.24806,4.89354,8.14951,2.53056,4.95818,8.21176,2.16666,4.80496,8.09684,0.0025396371779851947,0.0003760247200573303,0.00021433595564754576,2.2554784375,4.891248484166667,8.151550786666666,2.24088,4.89114,8.15191,2.53056,4.95818,8.21655,2.15948,4.80496,8.09684,0.0024269085578634154,0.00036909119651029013,0.00020890359539744627,2.3369887056666667,4.515867474777778,8.153487358888889,2.23369,4.89114,8.1543,10.862,8.69058,12.1836,-9.6961,-5.96131,1.71657,0.27627653021609894,2.7160739939778105,0.014167837681317946
06:15 AM,,2.270655366666667,4.89259195,8.1444003,2.25285,4.89354,8.14472,2.3917,4.95578,8.195,2.18581,4.81932,8.09684,0.0024804922646399557,0.0003626866945217016,0.0001969297818798039,2.273157786666667,4.892234506666667,8.14683681,2.25764,4.89354,8.14712,2.53056,4.95818,8.195,2.18581,4.80496,8.09684,0.002560319795499655,0.0003724016240979868,0.00022118048695289036,2.2641986916666665,4.89282504,8.149430001666666,2.24806,4.89354,8.14951,2.53056,4.95818,8.20218,2.16666,4.80496,8.09684,0.0025436061580646077,0.0003766069989648927,0.00021657471573596017,2.2571521133333334,4.891554530833333,8.151250704166667,2.24327,4.89354,8.15191,2.53056,4.95818,8.21655,2.15948,4.80496,8.09684,0.0024420161160434925,0.0003701223901290584,0.00021234783729893176,2.252906925111111,4.766615269222222,8.159029817222223,2.23369,4.89114,8.1543,10.862,8.69058,12.1836,-9.6961,-5.96131,1.71657,0.06832577697191794,0.9557581969291711,0.013094037051219446
06:16 AM,,2.2689234,4.893226116666667,8.144205166666666,2.25285,4.89354,8.14472,2.40607,4.95339,8.195,2.18102,4.82171,8.10402,0.0027100300117929885,0.0004295020949112393,0.00019821936524763852,2.2719048566666666,4.89248184,8.146077123333333,2.25524,4.89354,8.14712,2.41325,4.95818,8.195,2.18102,4.81693,8.09684,0.0025027440164516056,0.0003786049135855938,0.00022037420956131474,2.2659858716666665,4.892822606666667,8.148697031666666,2.25045,4.89354,8.14951,2.53056,4.95818,8.20218,2.16666,4.80496,8.09684,0.0025705482164429375,0.00038392212962689193,0.00021748643207768344,2.2586051216666667,4.891735071666667,8.150862275833333,2.24327,4.89354,8.15191,2.53056,4.95818,8.21655,2.16666,4.80496,8.09684,0.0024519356067190905,0.0003731365111874612,0.00021472978061064094,2.242124043888889,4.891338089444444,8.152864342222221,2.23369,4.89114,8.15191,2.53056,4.96536,8.21655,1.93204,4.80496,8.09684,0.0034619024815348252,0.0003829068873046261,0.00022391459616712372
06:17 AM,,2.26960585,4.894878083333333,8.143806216666666,2.25285,4.89593,8.14233,2.40607,4.95339,8.19261,2.17863,4.82411,8.09445,0.002741583362548415,0.0003973097794588193,0.00023204007130523494,2.2706743466666666,4.89313213,8.145356616666666,2.25285,4.89354,8.14472,2.41325,4.95818,8.195,2.17863,4.81693,8.09445,0.0025681257022072248,0.00038381964584504707,0.0002173125267619813,2.26763703,4.892984175,8.147758588333334,2.25285,4.89354,8.14712,2.53056,4.95818,8.20218,2.16666,4.80496,8.09445,0.002603487240652542,0.00038767395607872005,0.00022099796845194544,2.259839278333333,4.891983251666667,8.1503224325,2.24566,4.89354,8.14951,2.53056,4.95818,8.21176,2.16666,4.80496,8.09445,0.0024653833688766036,0.00037487526573213995,0.00021842618062300294,2.2468353783333335,4.891047871666666,8.151922675555555,2.23609,4.89114,8.15191,2.53056,4.95818,8.21655,2.07808,4.80496,8.09445,0.0029206547052182644,0.000374568507737292,0.00021288958667400326
06:18 AM,,2.2724667333333333,4.894583016666667,8.142461383333332,2.25285,4.89593,8.14233,2.42043,4.96297,8.195,2.19539,4.82411,8.09924,0.0026922223802960483,0.00038232743913160745,0.00018164459424346464,2.2701692533333335,4.8938663133333336,8.144636799999999,2.25285,4.89593,8.14472,2.42043,4.96297,8.195,2.17863,4.81932,8.09445,0.002599656987104857,0.0003807085205820151,0.0002086620555785307,2.269421428333333,4.893132996666667,8.146889148333333,2.25285,4.89354,8.14712,2.53056,4.96297,8.20218,2.17624,4.80496,8.09445,0.0026091782554857777,0.0003852686226237582,0.00022203932767928298,2.26109857,4.892332384166667,8.149673443333333,2.24566,4.89354,8.14951,2.53056,4.96297,8.21176,2.16666,4.80496,8.09445,0.0024924249664189683,0.0003767942527451432,0.00021961456199029515,2.2500142205555558,4.8910861783333335,8.151279998333333,2.23848,4.89114,8.15191,2.53056,4.96297,8.21655,2.07808,4.80496,8.09445,0.0027656010178045663,0.00037472611786252126,0.00021221012629035424
06:19 AM,,2.2712616833333334,4.892412333333334,8.144045466666666,2.25524,4.89354,8.14592,2.40846,4.9486,8.19021,2.18821,4.81214,8.09205,0.0027893600030047296,0.0003874733160823578,0.00022997357039955814,2.270582606666667,4.8935383,8.143783706666666,2.25285,4.89593,8.14472,2.42043,4.96297,8.195,2.17863,4.81214,8.09205,0.0026807046218792485,0.0003923670120473479,0.00020795960332840207,2.2710163,4.892930298333333,8.145998171666667,2.25524,4.89354,8.14712,2.53056,4.96297,8.195,2.17863,4.80496,8.09205,0.0026317447687714615,0.00038340060736222285,0.00022124069142243983,2.262254513333333,4.8924080025,8.149164499166666,2.24806,4.89354,8.14951,2.53056,4.96297,8.21176,2.16666,4.80496,8.09205,0.002526241351775803,0.00037933578551711865,0.00022097130835820262,2.2525639355555556,4.891095363333333,8.150847737777777,2.23848,4.89114,8.15191,2.53056,4.96297,8.21655,2.13793,4.80496,8.09205,0.002666726397866839,0.00037426256395487357,0.00021433921022737066
06:20 AM,,3.155677725,4.205050696,8.063851216666666,2.33425,4.87678,8.13275,5.40348,5.26223,9.87566,-0.232228,0.0861876,6.73939,1.5881265547492882,0.9702486162979016,0.05527114777664745,2.4475870783333336,4.7560300492,8.12767389,2.25764,4.89354,8.14233,5.40348,5.26223,9.87566,-0.232228,0.0861876,6.73939,0.4447768234549585,0.2700304750107804,0.012226689734012565,2.3603724325,4.824132277933333,8.13725535,2.25764,4.89354,8.14472,5.40348,5.26223,9.87566,-0.232228,0.0861876,6.73939,0.23123894970747236,0.13981758766105748,0.006314717294059844,2.3073180295833335,4.8582406206333335,8.144832583333333,2.24806,4.89354,8.14951,5.40348,5.26223,9.87566,-0.232228,0.0861876,6.73939,0.11957816973168918,0.07125325913382144,0.0033150880914006773,2.2839391336111112,4.868335336533334,8.147841290555556,2.24088,4.89114,8.15191,5.40348,5.26223,9.87566,-0.232228,0.0861876,6.73939,0.08159055991901315,0.0478219938450949,0.0022909404834224405
06:21 AM,,5.2592363833333335,2.6731787333333332,7.751070316666667,5.22632,2.680195,7.76646,5.52558,2.77476,7.85743,5.12337,2.52577,7.58211,0.008022377928968,0.0021013771018987193,0.0030289777743569848,3.045649675,4.312020572533333,8.04904692,2.29355,4.88636,8.13754,5.52558,5.26223,9.87566,-0.232228,0.0861876,6.73939,1.6632550329975366,0.9373316797014359,0.03492865840904991,2.6587772658333333,4.602251206266667,8.097562021666667,2.26721,4.89114,8.14233,5.52558,5.26223,9.87566,-0.232228,0.0861876,6.73939,0.9824352623956452,0.5530248488254648,0.019925694175958842,2.45753674125,4.7474144173,8.124769038333334,2.25285,4.89114,8.14712,5.52558,5.26223,9.87566,-0.232228,0.0861876,6.73939,0.5328945247171344,0.2977515953721486,0.010803667537436647,2.3852777386111113,4.794502533755556,8.134345242222222,2.24566,4.89114,8.14951,5.52558,5.26223,9.87566,-0.232228,0.0861876,6.73939,0.36645946904045107,0.2030485264499936,0.007449574542749261
06:22 AM,,5.2633544,2.614786816666667,7.766293083333333,5.23111,2.61914,7.78082,5.52797,2.72448,8.18064,5.02521,2.50183,7.29243,0.006495502332193656,0.0008213201773286031,0.003300896668440457,3.644399385,3.8560023192,7.973544293333333,2.37734,4.85763,8.11839,5.52797,5.26223,9.87566,-0.232228,0.0861876,6.73939,2.1688659330200712,1.237739737921893,0.04403787811827333,2.957536865833333,4.3745672246,8.059450455,2.28397,4.88636,8.13994,5.52797,5.26223,9.87566,-0.232228,0.0861876,6.73939,1.5573948097222856,0.887912971465363,0.02950500557063805,2.6079968670833336,4.6336640173,8.10553908,2.25764,4.89114,8.14712,5.52797,5.26223,9.87566,-0.232228,0.0861876,6.73939,0.9020641712258227,0.5112431782402448,0.016979216200720317,2.4866746025,4.7187466032,8.121410478888889,2.24806,4.89114,8.14951,5.52797,5.26223,9.87566,-0.232228,0.0861876,6.73939,0.6315510291609442,0.3554169235534977,0.011888923615215954
06:23 AM,,5.030400462833334,2.8018777833333335,7.7878116,5.21195,2.6383,7.788,6.26536,5.99961,9.36093,-0.538672,1.25211,6.79924,0.8045691224478504,0.2225907739828912,0.06570773795069114,4.1959861309,3.437461272533333,7.902614336666667,5.18322,2.70533,7.808355,6.26536,5.99961,9.87566,-0.538672,0.0861876,6.73939,2.0324405647674637,1.1133950361628688,0.053286008731670505,3.233077692116667,4.1656637929333336,8.023625568333333,2.30791,4.88157,8.13515,6.26536,5.99961,9.87566,-0.538672,0.0861876,6.73939,1.9446977152730271,1.0871623474924392,0.04138903597730651,2.7468226635583335,4.529188961466667,8.087269528333334,2.26482,4.88875,8.14472,6.26536,5.99961,9.87566,-0.538672,0.0861876,6.73939,1.209995732486742,0.675886496760752,0.024850204826613067,2.58015750515,4.649172377088889,8.109151372777777,2.25285,4.88875,8.14712,6.26536,5.99961,9.87566,-0.538672,0.0861876,6.73939,0.8629488652449903,0.4794902786097394,0.017590401543295657
06:24 AM,,-2.889565398333333,6.54833855,6.65176,-2.84419,6.57659,6.65081,-0.217863,6.64841,8.95872,-4.41711,4.74271,6.07143,0.06081096140991619,0.016533240989045912,0.016150777991652748,3.1638207145666666,3.7686465158666667,7.604157243333333,5.18322,2.70533,7.77364,6.26536,6.64841,9.87566,-4.41711,0.0861876,6.07143,10.281505040871185,2.519538826196898,0.26872955684111444,2.7172016606166665,4.331092407933333,7.873970475,2.29594,4.88396,8.12796,6.26536,6.64841,9.87566,-4.41711,0.0861876,6.07143,5.340737544064154,1.5761536818552486,0.20725765822826234,2.4898185411416667,4.6119543356333335,8.012113016666666,2.26003,4.89114,8.14233,6.26536,6.64841,9.87566,-4.41711,0.0861876,6.07143,2.7231233274887723,0.8670891556731045,0.12281230393589433,2.409386178538889,4.704529792088889,8.059024016111112,2.25045,4.89114,8.14712,6.26536,6.64841,9.87566,-4.41711,0.0861876,6.07143,1.8290437436350706,0.5953038491961253,0.08634083247138034
06:25 AM,,-2.6039137,6.561127183333333,6.770978016666667,-2.57366,6.55983,6.78488,-2.10681,6.66996,7.38101,-2.87531,6.51674,6.21987,0.010171886259409013,0.0003028204359596544,0.004410869020266832,2.0119024295666668,4.2398618133333335,7.345582603333333,5.18083,2.71012,7.69463,6.26536,6.66996,9.36093,-4.41711,1.25211,6.07143,15.294534160191326,3.6256977793216856,0.2882939464541407,2.22974475395,4.497945931266667,7.736628246666666,2.28158,4.88875,7.849055,6.26536,6.66996,9.87566,-4.41711,0.0861876,6.07143,7.915806852760729,2.014157944043945,0.3031774560673703,2.2469717228083335,4.6953854856333335,7.943029124166666,2.25764,4.89114,8.13994,6.26536,6.66996,9.87566,-4.41711,0.0861876,6.07143,3.9591420638825228,1.046168956017044,0.19428924555888774,2.2480163268722224,4.760351664311111,8.013043218333333,2.24806,4.89114,8.14712,6.26536,6.66996,9.87566,-4.41711,0.0861876,6.07143,2.6401039899150778,0.7059884173281913,0.13939422466255133
06:26 AM,,-2.5340939166666665,6.560663983333333,6.8010476833333335,-2.54253,6.56222,6.79685,-2.4348,6.59335,6.8974,-2.61914,6.52392,6.74178,0.001089020239558987,0.00013296451115164115,0.0005058080882801885,0.4532363695666667,5.0173588633333335,7.155578076666667,-2.52817,6.54786,6.81121,6.26536,6.66996,9.36093,-4.41711,1.25211,6.07143,14.887755314764469,3.607122266168331,0.27810463566975735,1.7494430222833333,4.664689717933333,7.602312498333333,2.26003,4.89354,7.79279,6.26536,6.66996,9.87566,-4.41711,0.0861876,6.07143,9.954557451611922,2.396244464138428,0.3560954675701699,2.007714446975,4.7787561623,7.875504765,2.25285,4.89354,8.13994,6.26536,6.66996,9.87566,-4.41711,0.0861876,6.07143,5.04485877295754,1.2112265633792405,0.2527818639767594,2.0888844218722222,4.816053287088889,7.9680123499999995,2.24566,4.89354,8.14472,6.26536,6.66996,9.87566,-4.41711,0.0861876,6.07143,3.3770651203599487,0.8103642522346655,0.1857003548070556
06:27 AM,,-2.5216805,6.56115055,6.8078590666666665,-2.53296,6.56222,6.80642,-2.39649,6.59335,6.91416,-2.58323,6.52631,6.72742,0.0011886625409849752,0.0001464195828355589,0.0005784310635681684,-1.1037706104333334,5.80663161,6.963891273333333,-2.54732,6.55983,6.79685,6.26536,6.66996,9.36093,-4.41711,1.25211,6.07143,9.603242458525186,2.3057903315534256,0.19037511440091223,1.2703143872833333,4.8313169646,7.468717783333333,2.23609,4.90072,7.74491,6.26536,6.66996,9.87566,-4.41711,0.0861876,6.07143,11.522292136113402,2.7228669150769873,0.37207924583392527,1.7689757086416666,4.8621505698,7.808238185833333,2.24806,4.89593,8.13515,6.26536,6.66996,9.87566,-4.41711,0.0861876,6.07143,6.010651404744316,1.3624646065609565,0.301418318787866,1.9299976479833334,4.871761155977778,7.923120882777778,2.24327,4.89354,8.14472,6.26536,6.66996,9.87566,-4.41711,0.0861876,6.07143,4.059583904640119,0.9085892741489077,0.22740507153516704
06:28 AM,,-2.5188472833333333,6.562395433333333,6.809694366666666,-2.52817,6.56222,6.80642,-2.40846,6.59574,6.88782,-2.59041,6.52392,6.75615,0.001132293790103228,0.0001454913584095707,0.0005333671692142456,-2.6136201596666666,6.55873514,6.7682678266666665,-2.54972,6.56222,6.79206,-0.217863,6.66996,8.95872,-4.41711,4.74271,6.07143,0.03486523149091981,0.0034749447136182728,0.008019043058229366,0.7911829856166667,4.998098206266667,7.335441081666667,-0.442908,5.5315650000000005,7.027875,6.26536,6.66996,9.87566,-4.41711,0.0861876,6.07143,12.62809748820913,2.9943355402973943,0.3523865406637238,1.530302206975,4.945615601466667,7.741165115,2.24327,4.89833,8.13036,6.26536,6.66996,9.87566,-4.41711,0.0861876,6.07143,6.861169761871608,1.4999902673881411,0.340915306780535,1.7711267085388889,4.9275876582,7.878262656111111,2.24088,4.89593,8.14233,6.26536,6.66996,9.87566,-4.41711,0.0861876,6.07143,4.690731192832414,1.000738135284222,0.2649313499478921
06:29 AM,,-2.5131772166666666,6.565855083333333,6.810105316666666,-2.52338,6.56462,6.80642,-2.40846,6.59574,6.88782,-2.59999,6.5335,6.75136,0.0011021520224571513,0.0001301513545840298,0.00047463772610990325,-2.538342523333333,6.562238446666667,6.79993689,-2.53774,6.56222,6.80163,-2.10681,6.66996,7.38101,-2.87531,6.51674,6.21987,0.00405498194591476,0.00017494222672939842,0.0015192045789542172,0.3127390956166667,5.165442481266667,7.202047066666666,-2.49944,6.55025,6.82318,6.26536,6.66996,9.87566,-4.41711,0.0861876,6.07143,13.271944140009301,3.2110110693863585,0.29682140366263926,1.2918776978083333,5.0291863897999995,7.674022619166666,2.23848,4.90072,8.12318,6.26536,6.66996,9.87566,-4.41711,0.0861876,6.07143,7.595527090624708,1.62413068547659,0.37128843148363844,1.6124160407611112,4.983419495422222,7.833458688333333,2.23848,4.89593,8.13994,6.26536,6.66996,9.87566,-4.41711,0.0861876,6.07143,5.269800917915202,1.087038077766583,0.29842817706998886
06:30 AM,,-2.5136679833333333,6.566732916666667,6.807503766666667,-2.52338,6.56701,6.80403,-2.40607,6.59814,6.92134,-2.5952,6.5311,6.75375,0.0010072802798995546,0.0001438335242000567,0.0005456639173411234,-2.52029338,6.563359593333333,6.80724204,-2.52817,6.56462,6.80403,-2.39649,6.59814,6.92134,-2.61914,6.52392,6.72742,0.0011602298691986664,0.00014572420170185627,0.0005374877601584518,-0.2541954752166667,5.401610703333334,7.076412321666667,-2.51859,6.55744,6.8136,6.26536,6.66996,9.36093,-4.41711,1.25211,6.07143,12.782628064706119,3.1625050120960214,0.21685636179425888,1.0530884786416668,5.112871490633333,7.606833835833333,2.23609,4.90311,7.849055,6.26536,6.66996,9.87566,-4.41711,0.0861876,6.07143,8.215524981386187,1.7344009726935665,0.39294667020094465,1.45348019465,5.0393639815333335,7.788692496111111,2.23609,4.89833,8.13994,6.26536,6.66996,9.87566,-4.41711,0.0861876,6.07143,5.798278235450506,1.1671670432248666,0.3281730362004527
06:31 AM,,-2.512938016666667,6.568744033333333,6.806861266666667,-2.52338,6.56941,6.80403,-2.40368,6.60053,6.90937,-2.58084,6.5311,6.74657,0.0011038272339563165,0.00014470006517418047,0.0005087783733511395,-2.5160622,6.564975603333333,6.808404756666667,-2.52577,6.56462,6.80642,-2.39649,6.60053,6.92134,-2.59999,6.52392,6.72742,0.0011179986826542183,0.00014980244791862893,0.0005290811015746461,-1.0314129152166667,5.791167233333334,6.981991416666666,-2.52577,6.55983,6.80642,6.26536,6.66996,9.36093,-4.41711,1.25211,6.07143,9.647746634418052,2.402214584876225,0.16943098646056978,0.8136821753083333,5.1967092198,7.5397767191666665,2.22891,4.90551,7.79279,6.26536,6.66996,9.87566,-4.41711,0.0861876,6.07143,8.719307601961736,1.8309063522813898,0.40582082268178443,1.2945535224277778,5.0953320226444445,7.743843164444444,2.23369,4.89833,8.13754,6.26536,6.66996,9.87566,-4.41711,0.0861876,6.07143,6.276021572497932,1.2412515390551107,0.35389813127880165
06:32 AM,,-2.51035225,6.568432783333333,6.80703685,-2.51859,6.56941,6.80403,-2.41325,6.60053,6.90458,-2.58563,6.52631,6.75136,0.0011433574331594328,0.00014066691961908917,0.0005056272329657756,-2.51379655,6.5664320499999995,6.808240313333333,-2.52338,6.56701,6.80403,-2.40368,6.60053,6.92134,-2.59999,6.52392,6.74657,0.0011040225809911641,0.00014599553907719329,0.0005148274887980872,-1.8087835802166667,6.18653183,6.886065793333334,-2.53056,6.56462,6.80163,6.26536,6.66996,9.36093,-4.41711,1.25211,6.07143,5.298498886850095,1.2971242053486758,0.10148687577106578,0.5743766428083333,5.2805495273,7.472758124166667,2.21933,4.91508,7.74491,6.26536,6.66996,9.87566,-4.41711,0.0861876,6.07143,9.107587138014878,1.9132998764375824,0.40972705966102785,1.1357367179833333,5.151286621533333,7.699047984444444,2.2313,4.90072,8.13275,6.26536,6.66996,9.87566,-4.41711,0.0861876,6.07143,6.702670197864255,1.3090421011428486,0.37563274462567214
06:33 AM,,-2.4472356066666667,6.556294683333333,6.82826055,-2.5138,6.56941,6.80163,-0.122099,7.07217,7.79758,-3.14345,4.51766,6.35154,0.11226475863081999,0.02227478204063411,0.02306568909168363,-2.499474214666667,6.5652118999999995,6.81195355,-2.52099,6.56701,6.80403,-0.122099,7.07217,7.79758,-3.14345,4.51766,6.35154,0.023976936263391715,0.004581761453674559,0.0050812542360428445,-2.5565471871666667,6.56197352,6.790110688333334,-2.53296,6.56701,6.79924,-0.122099,7.07217,8.95872,-4.41711,4.51766,6.07143,0.03267404671363474,0.004038170432715053,0.007026246911194728,0.338265252475,5.363818656466667,7.4068681283333335,-0.216666,5.37954,7.328335,6.26536,7.07217,9.87566,-4.41711,0.0861876,6.07143,9.36924093079487,1.981249506720224,0.40462706555482625,0.9790327133166666,5.206783814311111,7.654883248333333,2.22891,4.90311,8.13036,6.26536,7.07217,9.87566,-4.41711,0.0861876,6.07143,7.06804141867099,1.3702449749821854,0.3928447295791637
06:34 AM,,3.5839458768333334,2.367049395,8.458897916666666,4.07476,2.00386,8.58524,5.34842,6.09059,10.6825,-0.14604,-5.72429,6.31324,1.8078937408159046,3.0802869863608002,0.13280886219815663,-1.2800495959666667,5.725450762333334,7.14171207,-2.50662,6.56462,6.81121,5.34842,7.07217,10.6825,-3.14345,-5.72429,6.31324,6.3013915084719905,3.4404465303716223,0.4654012123814756,-1.90919605965,6.1438446045,6.97082448,-2.52338,6.56222,6.80642,5.34842,7.07217,10.6825,-3.14345,-5.72429,6.21987,3.5480889583855246,1.8951065576430022,0.2626287282814432,0.4040028004833333,5.237468506216667,7.4223974775,-0.216666,5.86075,7.27447,6.26536,7.07217,10.6825,-4.41711,-5.72429,6.07143,9.795377763685428,2.5570715688992274,0.4388587796920862,1.0234803408777777,5.122584425255556,7.665016837777777,2.22891,4.90311,8.12796,6.26536,7.07217,10.6825,-4.41711,-5.72429,6.07143,7.298464375787855,1.731190521785405,0.4103706784966278
06:35 AM,,3.891846966666667,1.8242874166666667,8.71757185,3.85809,1.73812,8.74804,4.31417,2.14751,8.9659,3.72282,1.63278,8.53496,0.012923898531685032,0.022410398321361994,0.005699127687556763,0.0010533940333333231,4.776961662333333,7.523725686666666,-2.46832,6.55744,6.83036,5.34842,7.07217,10.6825,-3.14345,-5.72429,6.31324,9.709021811482863,5.44819405477346,0.7949333992987614,-1.2596199929833334,5.670160627833333,7.165483863333334,-2.5138,6.56222,6.81121,5.34842,7.07217,10.6825,-3.14345,-5.72429,6.31324,6.443844019737837,3.521653167022526,0.5260277403235285,0.48506238048333333,5.08405327955,7.451056055,-0.216666,5.86075,7.27447,6.26536,7.07217,10.6825,-4.41711,-5.72429,6.07143,10.223397332739586,3.111225330429903,0.49612631827557646,1.0781078175444445,5.020310533033333,7.683847370555555,2.2313,4.90072,8.12796,6.26536,7.07217,10.6825,-4.41711,-5.72429,6.07143,7.5197015247496335,2.082344850470624,0.4392034892071474
06:36 AM,,3.795149,1.6890887166666666,8.781849233333334,3.78028,1.68784,8.78874,3.95026,1.74769,8.85816,3.72282,1.63756,8.6834,0.002093394046410684,0.00039767009734863645,0.0007618640224496495,1.2626707973666667,3.801030599,7.91872328,3.75873,2.02062,8.58045,5.34842,7.07217,10.6825,-3.14345,-5.72429,6.31324,9.732550496319591,5.760802379563302,0.8527761666530592,-0.6266957013166666,5.183003101166666,7.363564018333333,-2.49705,6.55983,6.81839,5.34842,7.07217,10.6825,-3.14345,-5.72429,6.31324,8.436323789730496,4.790162289434979,0.7348346845977359,0.5613736604833334,4.92384640955,7.482938258333333,-0.216666,5.86075,7.27447,6.26536,7.07217,10.6825,-4.41711,-5.72429,6.07143,10.60630071407513,3.6600717063424635,0.5596710136646552,1.1295777308777777,4.913505141922222,7.704857849444444,2.23609,4.90072,8.13036,6.26536,7.07217,10.6825,-4.41711,-5.72429,6.07143,7.717275079115465,2.4403218766953843,0.4716782138535169
06:37 AM,,3.777528333333333,1.6934379,8.783365683333333,3.75873,1.69263,8.78874,3.89759,1.76684,8.85816,3.70367,1.63038,8.70016,0.0022307697825264326,0.0004401810820601001,0.0007156595971950584,2.5202469140333332,2.8260316223333333,8.313989046666666,3.78028,1.72854,8.73128,5.34842,7.07217,10.6825,-3.14345,-5.72429,6.31324,6.567976171049503,4.16639413564709,0.5988503882895877,0.0032251820166666573,4.696231836166667,7.56111468,-2.4731,6.55504,6.83036,5.34842,7.07217,10.6825,-3.14345,-5.72429,6.31324,9.620447057403391,5.581154674505883,0.8665469501619912,0.63676978465,4.763774400383333,7.514916231666667,-0.216666,5.86075,7.27447,6.26536,7.07217,10.6825,-4.41711,-5.72429,6.07143,10.9719007904173,4.156227143235202,0.621395958773264,1.1803921997666666,4.806844325255556,7.725863683888889,2.23848,4.89833,8.13036,6.26536,7.07217,10.6825,-4.41711,-5.72429,6.07143,7.9063485633644,2.7745805773191656,0.5033287221344974
06:38 AM,,3.74771415,1.6718073166666667,8.793908016666666,3.7324,1.66869,8.80071,3.89999,2.52577,8.94675,3.59833,1.53462,8.4775,0.002764606312798831,0.00213680995088453,0.0012411291948912179,3.759236865366667,1.849134149,8.70711854,3.79225,1.69742,8.77198,5.34842,6.09059,10.6825,-0.14604,-5.72429,6.31324,0.3751108970893669,0.6903601511927564,0.04434372747309277,0.62988132535,4.2071730245,7.759536045,-0.126887,5.86794,7.7078,5.34842,7.07217,10.6825,-3.14345,-5.72429,6.31324,9.994009166064835,5.908687252249121,0.9227706332935902,0.7105321554833334,4.602635615383333,7.547488563333333,-0.216666,5.86075,7.27447,6.26536,7.07217,10.6825,-4.41711,-5.72429,6.07143,11.31661575929693,4.607544100503746,0.6824933328064031,1.2301619131,4.699468075811111,7.747288758333333,2.24327,4.89833,8.13036,6.26536,7.07217,10.6825,-4.41711,-5.72429,6.07143,8.085130730384229,3.090493238654451,0.5349015922809127
06:39 AM,,3.735268666666667,1.6624861499999999,8.802462733333334,3.71804,1.6627,8.80789,3.8928,1.72854,8.87014,3.64142,1.59208,8.71212,0.0028324461488035612,0.0004901837031828047,0.0008436449177251036,3.7895014233333333,1.7082215,8.775831503333333,3.76831,1.68545,8.78874,4.31417,2.52577,8.9659,3.59833,1.53462,8.4775,0.00763139739627288,0.008664037607685896,0.002754745569629877,1.2547259136833333,3.7168361311666667,7.9587717866666665,3.71325,1.98231,8.62833,5.34842,7.07217,10.6825,-3.14345,-5.72429,6.31324,9.580143524025242,5.759473080945286,0.9017368230524833,0.78373250465,4.441139306216667,7.580409426666667,-0.216666,5.86075,7.27447,6.26536,7.07217,10.6825,-4.41711,-5.72429,6.07143,11.6469448614699,5.009527084797872,0.7423991755680687,1.2794937697666666,4.591736303588889,7.768939008333334,2.24806,4.89593,8.13036,6.26536,7.07217,10.6825,-4.41711,-5.72429,6.07143,8.256877136579142,3.38508116634059,0.5660835293311738
06:40 AM,,3.6910817833333334,1.6375755833333334,8.82458815,3.67255,1.636365,8.82944,3.9742,1.78121,8.89647,3.6103,1.57532,8.66424,0.002941833295478853,0.0005182781502434614,0.0009256287212796277,3.7493483866666666,1.6708791333333333,8.797234763333334,3.74676,1.67108,8.80071,3.9742,2.52577,8.94675,3.59833,1.53462,8.4775,0.0038671536621512053,0.0011998802521329332,0.0011396037009776543,1.87520089035,3.2239203978333335,8.160480225,3.72522,1.70939,8.75282,5.34842,7.07217,10.6825,-3.14345,-5.72429,6.31324,8.36864928057511,5.136582001430289,0.8034940804342051,0.8105027075666666,4.312765550583333,7.618446273333333,-0.141252,5.86075,7.288835000000001,6.26536,7.07217,10.6825,-4.41711,-5.72429,6.07143,11.708433989449759,5.334880256200549,0.8039579931695261,1.3271259492111112,4.483221126366667,7.791382632222222,2.25524,4.89354,8.13036,6.26536,7.07217,10.6825,-4.41711,-5.72429,6.07143,8.416305714526501,3.6612021568915867,0.5978790700158388
06:41 AM,,3.6733535666666666,1.63515745,8.828319066666667,3.66537,1.63517,8.83183,3.91914,1.95598,9.18137,3.28949,1.38379,8.602,0.007653506941514746,0.0012699444417337228,0.0023415277263394477,3.7249893,1.6600928799999999,8.80652873,3.72282,1.65911,8.80789,3.9742,2.52577,9.18137,3.28949,1.38379,8.4775,0.005119878638989662,0.0014466733132766922,0.001514660965942416,2.4938300486833334,2.7305617395,8.362626005,3.7324,1.69023,8.77677,5.34842,7.07217,10.6825,-3.14345,-5.72429,6.31324,6.384029349410982,4.02673885389769,0.624156687381887,0.7312085667333333,4.260864486416667,7.672308710833334,-0.141252,5.86075,7.288835000000001,6.26536,7.07217,10.6825,-4.41711,-5.72429,6.07143,11.122313358660701,5.55623048969523,0.8733384494447834,1.3737314664333333,4.3746600597,7.814059814444445,2.26242,4.89114,8.13036,6.26536,7.07217,10.6825,-4.41711,-5.72429,6.07143,8.567828850974026,3.9142721975619086,0.6290396026306116
06:42 AM,,3.68087495,1.5603777198333333,8.825665483333333,3.5301,1.61123,8.88929,5.28856,2.32467,9.57879,2.66463,-0.138858,7.68266,0.16813766473221786,0.047894602299337084,0.036037517153689205,3.7056586233333335,1.6334808439666666,8.81498869,3.69649,1.64475,8.81986,5.28856,2.52577,9.57879,2.66463,-0.138858,7.68266,0.03772029224521986,0.011983295723609727,0.008463941747899868,3.1129527686833334,2.22975623315,8.564488868333333,3.73719,1.67826,8.79113,5.34842,7.07217,10.6825,-3.14345,-5.72429,6.31324,3.6536564551157187,2.4444440665369465,0.3663671678134049,0.6520845942333333,4.208144031575,7.725277330833333,-0.141252,5.86075,7.292425,6.26536,7.07217,10.6825,-4.41711,-5.72429,6.07143,10.532081503517245,5.784972700602123,0.9382422254805073,1.4205686847666668,4.26361842925,7.836668372222222,2.27679,4.88875,8.13275,6.26536,7.07217,10.6825,-4.41711,-5.72429,6.07143,8.721467755471405,4.1586345945359255,0.6601286571265129
06:43 AM,,3.5640110333333332,1.7404819833333334,8.857790416666667,3.54805,1.7429,8.86056,3.95026,1.93204,8.94675,3.42835,1.36464,8.70016,0.0028008613481791864,0.0010313500025706736,0.0010540956280397885,3.668918,1.6472157773,8.82776517,3.66058,1.6483349999999999,8.83422,5.28856,2.32467,9.57879,2.66463,-0.138858,7.68266,0.04003750465441814,0.013570517964233687,0.008540903195169487,3.7140774326833332,1.74817496315,8.767441855,3.73719,1.67826,8.80071,5.34842,6.09059,10.6825,-0.14604,-5.72429,6.31324,0.209579313717502,0.3621011201944961,0.030077416464353034,0.5787651227583334,4.155074241575,7.778776271666667,-0.126887,5.85836,7.713785,5.34842,7.07217,10.6825,-4.41711,-5.72429,6.07143,9.952119116462477,5.976701328632892,0.9960913829989161,1.4635359792111111,4.158604092027778,7.8603927038888886,2.30073,4.88396,8.13515,6.26536,7.07217,10.6825,-4.41711,-5.72429,6.07143,8.84844823244462,4.3467289693463576,0.6911605113475471
06:44 AM,,3.462649,1.98333905,8.851234533333333,3.44511,1.99428,8.86056,3.76831,3.33737,9.2915,2.66703,1.53462,8.34583,0.012578532398330552,0.016376047821299665,0.003133281774740124,3.6143940666666667,1.7113863573,8.83751953,3.60072,1.65672,8.8462,5.28856,3.33737,9.57879,2.66463,-0.138858,7.68266,0.04664171318439035,0.035180869646474364,0.008885154108381891,3.701947745,1.70980392865,8.806675516666667,3.71325,1.67826,8.81028,5.28856,3.33737,9.57879,2.66463,-0.138858,7.68266,0.03479895618762958,0.021921303773599046,0.006770491429471302,0.896375842675,3.926824266575,7.888749998333333,3.45468,2.01104,8.61876,5.34842,7.07217,10.6825,-3.14345,-5.72429,6.21987,9.66318434777153,5.874022859064519,0.9773458626165513,1.503317781988889,4.061580313694445,7.883823490555556,2.33903,4.87199,8.13515,6.26536,7.07217,10.6825,-4.41711,-5.72429,6.07143,8.958789941268027,4.477553038715156,0.720672561502705
06:45 AM,,3.38540345,2.0827822,8.855990883333334,3.35892,2.08047,8.86535,3.82098,2.32946,9.1287,3.26555,1.89613,8.67861,0.0066692242146218685,0.0010086218095091825,0.0018385147579830289,3.5532584,1.8004276806333332,8.843800076666666,3.5313,1.7429,8.85816,5.28856,3.33737,9.57879,2.66463,-0.138858,7.68266,0.0529616251298833,0.05385401037398934,0.009062835041974778,3.6513033933333334,1.7356534069833334,8.82051742,3.68212,1.68066,8.81986,5.28856,3.33737,9.57879,2.66463,-0.138858,7.68266,0.038024075996618056,0.031718762651950526,0.00564254149005861,1.195841700175,3.702907017408333,7.993000641666667,3.48341,2.01104,8.74325,5.34842,7.07217,10.6825,-3.14345,-5.72429,6.31324,9.270458556973653,5.646947197173061,0.9506540746460421,1.5404760514333333,3.9679199886944443,7.907543176666667,3.29907,3.04051,8.13754,6.26536,7.07217,10.6825,-4.41711,-5.72429,6.07143,9.056001979735516,4.576309818511881,0.749406468153684
06:46 AM,,2.7746050666666666,3.1603019933333334,8.4565793,3.31822,2.11159,8.85098,7.56775,8.90365,9.3298,-1.97274,-3.16979,5.19041,1.3220249271433244,3.6813967743513154,0.44646920438982646,3.3735087,2.1054565893,8.769452123333334,3.46187,1.95358,8.86295,7.56775,8.90365,9.57879,-1.97274,-3.16979,5.19041,0.4015796696191344,1.0603343051633618,0.12219047250576004,3.549249,1.88277473465,8.787990426666667,3.64382,1.68784,8.82944,7.56775,8.90365,9.57879,-1.97274,-3.16979,5.19041,0.23420567819480811,0.5803974670434441,0.06218598223445704,1.4612766493416667,3.532888917908333,8.0757772225,3.49538,1.99668,8.7624,7.56775,8.90365,10.6825,-3.14345,-5.72429,5.19041,8.694895301562475,5.408159829368936,0.9057670438035275,1.5573321069888888,3.91015585125,7.917955647777778,3.33259,2.70054,8.13754,7.56775,8.90365,10.6825,-4.41711,-5.72429,5.19041,9.132707278718012,4.688675622907562,0.7723312877755901
06:47 AM,,1.0760117316666666,6.132384266666667,7.549112283333334,1.06059,6.13368,7.54859,1.22338,6.21987,7.6252,0.988763,6.02834,7.45044,0.002357648497522201,0.0010913818258386195,0.00068509119461074,2.8525360563333333,3.019857898666667,8.514141483333333,3.37329,2.07688,8.8462,7.56775,8.90365,9.3298,-1.97274,-3.16979,5.19041,1.134114270701291,3.3994463205363306,0.34723714076455453,3.279097339833333,2.3266693713166666,8.664565086666666,3.55763,1.70699,8.82704,7.56775,8.90365,9.57879,-1.97274,-3.16979,5.19041,0.7678044717058826,2.186020907794888,0.20045192683673196,1.641161260925,3.511450603741667,8.112839883333333,3.49538,1.99668,8.7624,7.56775,8.90365,10.6825,-3.14345,-5.72429,5.19041,7.876751071439436,5.287087685865517,0.8378810453399314,1.5175456363777777,3.951406057361111,7.898132516666666,3.33259,2.70054,8.12318,7.56775,8.90365,10.6825,-4.41711,-5.72429,5.19041,9.121922120423651,4.81929177222895,0.7747881092074668
06:48 AM,,1.077041135,6.1108533666666665,7.564586066666666,1.0558,6.11692,7.56296,1.30239,6.19593,7.63718,0.98158,5.97806,7.50071,0.003970052253449191,0.0012215580584296038,0.0005464467153878694,2.3551420766666666,3.893932175333333,8.255500613333334,3.29907,2.12596,8.78395,7.56775,8.90365,9.3298,-1.97274,-3.16979,5.19041,1.4162781173155987,4.219241772857541,0.43698277576361166,3.012030038333333,2.770573976316667,8.541632891666668,3.51214,1.76924,8.82704,7.56775,8.90365,9.57879,-1.97274,-3.16979,5.19041,1.1596101542563109,3.378197352885867,0.30461003457621766,1.8209556818416666,3.4888735004083333,8.150584468333333,3.49538,1.99668,8.7624,7.56775,8.90365,10.6825,-3.14345,-5.72429,5.19041,6.9951212413460295,5.159052522870953,0.766570802504276,1.4776981164333334,3.991948402361111,7.878870006111111,3.33259,2.70054,7.81673,7.56775,8.90365,10.6825,-4.41711,-5.72429,5.19041,9.107847315419724,4.943470580546993,0.7761478348794988
06:49 AM,,1.601257295,6.903184483333333,6.767941266666667,1.686645,7.07217,6.60532,2.18821,7.3834,7.65872,0.988763,5.98525,5.74584,0.07019641765172752,0.14705130511659403,0.1537104439095782,1.9828637356666667,4.877901262,7.83884196,1.641155,6.10974,7.56775,7.56775,8.90365,9.3298,-1.97274,-3.16979,5.19041,1.1574591880098457,4.3582311046856095,0.6651064048987246,2.7986289011666665,3.29464380965,8.338180745,3.42117,2.04935,8.82225,7.56775,8.90365,9.57879,-1.97274,-3.16979,5.19041,1.2675338279948272,4.703461822562559,0.5863203898473028,2.026677407425,3.5057399704083334,8.148476265833333,3.49538,1.99668,8.7624,7.56775,8.90365,10.6825,-3.14345,-5.72429,5.19041,6.019345423705999,5.275596762662428,0.7799573875470099,1.4553646368222222,4.058974140694445,7.832999866111111,3.33259,2.70054,7.78322,7.56775,8.90365,10.6825,-4.41711,-5.72429,5.19041,9.08910810498926,5.199355000757434,0.8179483976826366
06:50 AM,,1.6985492166666667,7.066478,6.602205783333333,1.68545,7.07217,6.60053,1.84585,7.15836,6.68432,1.61123,6.93092,6.52631,0.0019948403674988876,0.0010833601202003332,0.0005819774207543128,1.645492889,5.874640422,7.38808494,1.63038,6.14805,7.53782,7.56775,8.90365,9.3298,-1.97274,-3.16979,5.19041,0.6652861425923755,2.759659730704604,0.5605742013704532,2.5993756445,3.8375340513166667,8.115942508333333,3.3278,2.09723,8.79352,7.56775,8.90365,9.57879,-1.97274,-3.16979,5.19041,1.269108005140972,5.557016486475485,0.8146359911454492,2.237288267425,3.530727224575,8.138211366666667,3.49538,1.99668,8.7624,7.56775,8.90365,10.6825,-3.14345,-5.72429,5.19041,4.949595231323895,5.44049191400702,0.809493551464621,1.4067936865444444,4.154355050827777,7.784278351666667,3.31583,2.70533,7.71857,7.56775,8.90365,10.6825,-4.41711,-5.72429,5.19041,8.93956019224503,5.458811601094383,0.8624758756752816
06:51 AM,,0.8518722478,7.041080216666667,6.716795333333334,1.624395,7.04344,6.640035,2.26003,8.45835,7.88137,-0.414179,4.37641,5.96849,0.7618347625622517,0.024967223461221755,0.023790050534780192,1.2609463252266666,6.650796066666667,7.0401281466666665,1.17071,7.00992,6.82797,2.26003,8.45835,7.88137,-0.414179,4.37641,5.74584,0.276417039463474,0.2249198701911926,0.2167806435046667,2.3172275126133335,4.378126327983333,7.904790135,1.76924,6.07862,7.5869,7.56775,8.90365,9.57879,-1.97274,-3.16979,5.19041,1.4548577782131458,5.808408687889671,0.9172222872689766,2.4055287806483334,3.5543440337416667,8.13370807,3.49538,1.99668,8.7624,7.56775,8.90365,10.6825,-3.14345,-5.72429,5.19041,3.9269146800446877,5.5958377633848775,0.8230330461293859,1.2598815486933332,4.2999517669388885,7.749802518888889,1.7453,6.07383,7.58211,7.56775,8.90365,10.6825,-4.41711,-5.72429,5.19041,8.45858959880169,5.643027652783689,0.8999274963356183
06:52 AM,,-0.08058139533333333,7.01804895,6.8406021,-0.0909757,7.02189,6.83755,0.0454879,7.08653,6.95246,-0.162799,6.89261,6.75615,0.0016184190166370557,0.0008603026785283813,0.0009907715748814691,1.0296276998266667,6.827929003333334,6.89842611,1.14917,7.03386,6.80403,2.26003,8.45835,7.88137,-0.414179,4.37641,5.74584,0.5759601454493152,0.1667030257086095,0.15289007201864077,1.94108187808,4.923893451,7.706283796666667,1.68305,6.12889,7.55338,7.56775,8.90365,9.3298,-1.97274,-3.16979,5.19041,1.6857818783744662,5.408733154973226,0.9027647545549777,2.5270173233816666,3.576824842075,8.1353863325,3.49538,1.99668,8.7624,7.56775,8.90365,10.6825,-3.14345,-5.72429,5.19041,3.0128456300806707,5.741006433673902,0.8186574078999161,1.0817503555155557,4.446727171383333,7.718946152777778,1.67587,6.12889,7.55099,7.56775,8.90365,10.6825,-4.41711,-5.72429,5.19041,7.9523033190804036,5.77310220328008,0.9264457605131663
06:53 AM,,-0.08885697383333334,7.010287966666667,6.847485216666667,-0.095764,7.01231,6.84473,0.0670348,7.07935,6.9764,-0.158011,6.90458,6.77051,0.0010326932475607138,0.0007979591761591545,0.0008460240456958824,0.79644807806,7.007815923333333,6.75500594,1.0151,7.03626,6.79924,2.26003,8.45835,7.88137,-0.414179,4.37641,5.74584,0.7708178556060887,0.03802771593619285,0.04410945960811911,1.5757950773633334,5.450874049333334,7.505253276666667,1.629185,6.18875,7.50071,7.56775,8.90365,9.3298,-1.97274,-3.16979,5.19041,1.7008486905702282,4.552751990495116,0.8034709136410036,2.6449362550233335,3.5995245062416665,8.136347565833333,3.49538,1.99668,8.7624,7.56775,8.90365,10.6825,-1.97274,-5.72429,5.19041,2.0982925152879934,5.8850025318356245,0.8150526255627467,0.91110844096,4.587007510827778,7.68760194,1.19944,6.18635,7.50071,7.56775,8.90365,10.6825,-4.41711,-5.72429,5.19041,7.42236476996959,5.874925662558609,0.9484627940836411
06:54 AM,,-0.08997820981666667,7.026364416666667,6.831189466666666,-0.100552,7.02189,6.83755,0.155616,7.53902,7.02668,-0.313627,6.87346,6.35154,0.0026006243000159615,0.004065484267104897,0.0043092153402826934,0.4582009770966667,7.03245191,6.7676555800000004,-0.0646407,7.02907,6.82318,2.26003,8.45835,7.88137,-0.414179,4.37641,5.96849,0.670483420378468,0.006740114340698799,0.01523669806968683,1.2205323563816666,5.955176586,7.30324877,1.07495,6.99316,6.86627,7.56775,8.90365,9.3298,-1.97274,-3.16979,5.19041,1.4950649564280674,3.342837377572217,0.6270227299297421,2.4612400506908334,3.832490257325,8.054962143333332,3.42117,2.05414,8.7624,7.56775,8.90365,9.57879,-1.97274,-3.16979,5.19041,2.304352079706408,6.188411895051134,0.8819902894167909,1.0044280139105555,4.6029417063833336,7.693582922222222,1.19944,6.18635,7.50071,7.56775,8.90365,10.6825,-3.14345,-5.72429,5.19041,6.963595391079305,5.944382145721318,0.9367147683706812
06:55 AM,,-0.082540553,7.060201116666667,6.798162883333333,-0.098158,7.04344,6.8136,0.29208,7.36425,7.03865,-0.246592,6.85191,6.15523,0.004110635825473194,0.004680084699418752,0.0051684516826574845,0.10198302316333334,7.0311965333333335,6.806847,-0.08738465000000001,7.02668,6.83036,2.26003,8.45835,7.88137,-0.414179,4.37641,5.96849,0.2946769040550625,0.007379346189045237,0.009325938510436813,0.8737379560816667,6.452918477666667,7.09746597,1.03186,7.01231,6.84233,7.56775,8.90365,9.3298,-1.97274,-3.16979,5.19041,1.075606473712011,1.7177501666274007,0.3693760349801558,2.2625206747075,4.094285942325,7.958991695,3.3278,2.09723,8.75043,7.56775,8.90365,9.57879,-1.97274,-3.16979,5.19041,2.485647049116359,6.438272635054082,0.9297820933649574,1.0884737854772222,4.619577504161111,7.694489084444444,1.19944,6.18635,7.50071,7.56775,8.90365,10.6825,-3.14345,-5.72429,5.19041,6.561686690858436,6.017709583570532,0.9350916422108068
06:56 AM,,0.1877492172,7.009514233333333,6.8422422,0.0143646,7.03147,6.82558,0.713441,7.59648,7.5055,-0.237016,6.57419,5.923,0.07430575258434496,0.009147800886556486,0.010413644918357258,-0.03084158295666667,7.024883336666667,6.831936373333333,-0.0861876,7.02429,6.83515,0.713441,7.59648,7.5055,-0.313627,6.57419,5.923,0.028673632810796743,0.004254323676058675,0.004652785319753872,0.615052371135,6.837839701666667,6.93603226,0.147237,7.02189,6.833955,2.26003,8.45835,7.88137,-0.414179,4.37641,5.74584,0.5697684490320963,0.14955914915351992,0.12153601846473652,2.0821506855675,4.360307218158333,7.862011343333333,1.76924,6.07862,7.5869,7.56775,8.90365,9.57879,-1.97274,-3.16979,5.19041,2.554510405847353,6.503626654107278,0.9493620664592504,1.1792018899394445,4.634539179161111,7.695862235,1.19944,6.18635,7.50071,7.56775,8.90365,10.6825,-3.14345,-5.72429,5.19041,6.145478735779613,6.08258869162893,0.9330222596558134
06:57 AM,,0.5636745966666666,6.883121316666666,6.9494337999999996,0.576978,6.88303,6.95246,0.869058,7.27567,7.10808,0.213075,6.21987,6.50955,0.007904344275433043,0.0026764582061099013,0.0019378088419632728,0.09800961544333334,6.9978978099999996,6.853702713333333,-0.0670348,7.01231,6.84473,0.869058,7.59648,7.5055,-0.313627,6.21987,5.923,0.08353946761635354,0.007899898233114936,0.007115034377697053,0.5638186576349999,6.912913406666667,6.8760644116666665,0.147237,7.02189,6.83276,2.26003,8.45835,7.88137,-0.414179,4.37641,5.74584,0.546709071896824,0.09451046203713413,0.08048934612380783,1.9214579987341667,4.619791388991667,7.770314749166666,1.68305,6.12889,7.55338,7.56775,8.90365,9.57879,-1.97274,-3.16979,5.19041,2.5005401878552207,6.399017480037724,0.9402092415965201,1.2820470598283333,4.64527153805,7.700581392777778,1.19944,6.18635,7.50071,7.56775,8.90365,10.6825,-3.14345,-5.72429,5.19041,5.691177963662733,6.12736986516977,0.9253316584085662
06:58 AM,,0.6321697816666667,6.8574926666666665,6.97077365,0.617678,6.85909,6.96922,0.768506,6.9381,7.04583,0.555431,6.76572,6.8974,0.001898968170655089,0.0007637364182526416,0.0005234885831494153,0.24221496654333333,6.96733875,6.8783604,0.07062594999999999,6.96683,6.88782,0.869058,7.59648,7.5055,-0.313627,6.21987,5.923,0.11300866582122768,0.01087221737252834,0.009176709899873289,0.5193315223016667,6.987577336666667,6.81668317,0.147237,7.02189,6.83276,2.26003,8.45835,7.88137,-0.414179,4.37641,5.74584,0.5186459827659095,0.024855559649014824,0.030443358319270978,1.7656807803175,4.879075656491667,7.679158030833333,1.629185,6.18875,7.50071,7.56775,8.90365,9.57879,-1.97274,-3.16979,5.19041,2.3925740679619736,6.147534498367058,0.9114376140356504,1.387080961995,4.655108112494444,7.705950702222222,1.19944,6.18635,7.50071,7.56775,8.90365,10.6825,-3.14345,-5.72429,5.19041,5.212662861065422,6.167914543011174,0.9166000033661605
06:59 AM,,1.26328217,7.654592333333333,6.022112366666667,1.31436,7.73055,5.93258,1.52025,8.69058,7.6252,0.363903,6.64841,5.06831,0.04332748598347356,0.06776458823361156,0.09538630854330439,0.5128670425066667,7.092984333333333,6.71654498,0.574584,6.97162,6.881835,1.52025,8.69058,7.6252,-0.246592,6.21987,5.06831,0.23437355678868627,0.10160092711906189,0.14741073689576484,0.48553400980166667,7.062718121666666,6.74210028,0.147237,7.02429,6.83276,2.26003,8.69058,7.88137,-0.414179,4.37641,5.06831,0.45310029047931505,0.05507768707280066,0.08196334349223697,1.6420814554841667,5.178680965658334,7.5401405125,1.226975,6.85909,6.97162,7.56775,8.90365,9.57879,-1.97274,-3.16979,5.06831,2.1979588304111144,5.9289632953531255,0.971035308656367,1.5129629415505554,4.691399354161111,7.679684270555556,1.3921700000000001,6.18635,7.50071,7.56775,8.90365,10.6825,-3.14345,-5.72429,5.06831,4.691636550352,6.34705655170025,0.9868315153564766
07:00 AM,,1.3207885333333333,7.75481715,5.901214283333333,1.30957,7.7497,5.91103,1.44125,7.96517,6.1648,1.1348,7.64196,5.31969,0.0019982612068603226,0.0020352867205784644,0.0028308399707710078,0.7935328597733333,7.23190754,6.53715526,0.632042,6.98359,6.865075,1.52025,8.69058,7.6252,-0.237016,6.21987,5.06831,0.2148173523835796,0.16918530748324279,0.2464168567120364,0.4477579414683333,7.131552036666666,6.67200113,0.147237,7.02429,6.83276,2.26003,8.69058,7.88137,-0.414179,4.37641,5.06831,0.3742848874533196,0.09834051652924018,0.1460365218884045,1.5235667929841668,5.484543043991667,7.393971819166667,1.22099,6.8974,6.94049,7.56775,8.90365,9.57879,-1.97274,-3.16979,5.06831,1.979089105981411,5.540307535999097,1.0015813416017658,1.6407781587727779,4.731002161938889,7.6494746211111115,1.40534,6.18635,7.50071,7.56775,8.90365,10.6825,-3.14345,-5.72429,5.06831,4.136074413609766,6.541150316369192,1.0660745625455312
07:01 AM,,1.3255088833333333,7.734463616666667,5.925621966666666,1.31436,7.73773,5.92539,1.44364,7.8287,5.99961,1.24972,7.62281,5.85836,0.0016302918196190873,0.0007801207015890364,0.0004895916548903715,1.021084793,7.376897416666667,6.353831213333334,1.28563,7.7066,5.94934,1.52025,8.69058,7.6252,0.213075,6.21987,5.06831,0.1317038321689498,0.18711923978348755,0.26701349911763367,0.4951216050216667,7.200890376666667,6.592883793333334,0.474032,7.03147,6.82558,1.52025,8.69058,7.6252,-0.313627,6.21987,5.06831,0.3568587544797882,0.1266544733443155,0.1929661615362,1.4061745588175,5.789508352325,7.248836964166666,1.22099,6.96683,6.88782,7.56775,8.90365,9.57879,-1.97274,-3.16979,5.06831,1.73586943037472,4.95944949811318,0.9853583842235106,1.7687263887727778,4.7698594813833335,7.620099977777778,1.41252,6.18635,7.50071,7.56775,8.90365,10.6825,-3.14345,-5.72429,5.06831,3.547889728358458,6.727788123387214,1.140604218557897
07:02 AM,,3.2223530698333334,2.144537939316667,7.90651515,4.54879,-0.112523,8.497855000000001,4.86481,8.8845,17.9174,-3.25358,-5.34842,2.73167,3.403147765288442,12.101554975794821,1.7749225458550693,1.5528204876333334,6.429180741196666,6.545247483333333,1.30957,7.71618,5.94215,4.86481,8.8845,17.9174,-3.25358,-5.34842,2.73167,1.4545904696064518,7.133764808010831,0.9958391982746579,0.8254150515383333,6.713539275598333,6.699475098333333,0.603313,7.02907,6.82797,4.86481,8.8845,17.9174,-3.25358,-5.34842,2.73167,1.2981436393556487,3.6511103701530216,0.5251836451235109,1.3832484648091667,5.818716363299167,7.2028794475,1.18747,6.979995,6.87825,7.56775,8.90365,17.9174,-3.25358,-5.34842,2.73167,1.8030424689057103,5.330319013229361,0.9673517555454818,1.9598165661005555,4.622396319916111,7.656749254444445,1.66629,6.13608,7.5462,7.56775,8.90365,17.9174,-3.25358,-5.72429,2.73167,3.084643567642762,7.230693763992196,1.1790105680377352
07:03 AM,,4.645401116666667,-0.17499266583333334,8.499485833333333,4.623,-0.18674,8.51102,4.81453,-0.0694289,8.57327,4.54639,-0.248986,8.38892,0.0035153030947442936,0.001470732865284657,0.0011412122627434606,2.3554667546333334,5.022683674696666,6.85098992,1.35027,7.71618,5.94215,4.86481,8.8845,17.9174,-3.25358,-5.34842,2.73167,2.5543301927266904,13.844239855501964,1.6302905853380396,1.2988408605883333,5.9950112123483335,6.86467516,0.706259,7.0171,6.83994,4.86481,8.8845,17.9174,-3.25358,-5.34842,2.73167,2.450091501347488,7.8719796881822175,0.8197843195835384,1.4373179689758333,5.7229426308408335,7.1849642183333335,1.18747,6.979995,6.87825,7.56775,8.90365,17.9174,-3.25358,-5.34842,2.73167,2.0944746333763433,6.2858755810407,0.9141536056980305,2.1962377902116668,4.398020074943889,7.712456763888889,1.71417,6.09777,7.57493,7.56775,8.90365,17.9174,-3.25358,-5.72429,2.73167,2.6181122313017773,7.822188886351233,1.1759711883071724
07:04 AM,,4.658357316666667,-0.17718725133333332,8.49281805,4.63737,-0.189134,8.50384,4.91508,-0.0622466,8.77677,4.2998,-0.320809,8.32189,0.0060196081311850265,0.002049080478576092,0.001997779750615193,3.0344817839666667,3.4563277577633333,7.345131056666666,4.54639,-0.0933698,8.42962,4.91508,8.8845,17.9174,-3.25358,-5.34842,2.73167,2.908025096114401,15.400509449132441,1.7692271803490998,1.7736744132366666,5.274656045548333,7.030838018333333,1.2976,6.92613,6.91416,4.91508,8.8845,17.9174,-3.25358,-5.34842,2.73167,3.160837625700772,11.056632037228377,1.0569557922130586,1.4971033848091666,5.614916315774167,7.167043394166667,1.18747,6.979995,6.87825,7.56775,8.90365,17.9174,-3.25358,-5.34842,2.73167,2.404255187546983,7.314921379891546,0.8604725399787863,2.2320515048727776,4.313212186732778,7.713587435,1.73093,6.09777,7.57493,7.56775,8.90365,17.9174,-3.25358,-5.34842,2.73167,2.6947481273519163,8.272840633531802,1.1733429731555238
07:05 AM,,4.655735866666666,-0.181943533,8.495192266666667,4.626595,-0.193922,8.50863,4.84566,-0.0766112,8.5589,4.54879,-0.270533,8.36977,0.004502116599247629,0.0015237358216255202,0.0014631326656382843,3.7014712506333334,1.8689756211633333,7.863926653333333,4.60625,-0.153222,8.49187,4.91508,8.8845,17.9174,-3.25358,-5.34842,2.73167,2.4018253993789207,11.831532230832575,1.3472135801563854,2.2475020552033333,4.5504415805816665,7.200540956666667,1.32394,6.87346,6.95964,4.91508,8.8845,17.9174,-3.25358,-5.34842,2.73167,3.422482103699268,13.190816810555898,1.2368363352925336,1.5606200056425,5.5016800291241665,7.149003463333333,1.18747,6.979995,6.87825,7.56775,8.90365,17.9174,-3.25358,-5.34842,2.73167,2.720703123260018,8.358592243349372,0.805695588623624,2.2575144682061112,4.2463378217438885,7.706174782222222,1.73093,6.09777,7.57493,7.56775,8.90365,17.9174,-3.25358,-5.34842,2.73167,2.7978027289386267,8.734755000821831,1.1599103618878575
07:06 AM,,4.6424445,-0.17844814833333333,8.50207135,4.61822,-0.187937,8.51581,4.83129,-0.071823,8.57327,4.54161,-0.241804,8.3578,0.004055669052838063,0.0012646822575889788,0.0013425755445851428,4.364858373966666,0.2863932681633333,8.37921653,4.61822,-0.181951,8.50863,4.91508,8.8845,17.9174,-3.25358,-5.34842,2.73167,1.0098098828293969,3.281811103855159,0.4115890798837537,2.692971583483333,3.831645342415,7.366523871666667,1.39337,6.83036,6.99556,4.91508,8.8845,17.9174,-3.25358,-5.34842,2.73167,3.366333100922822,14.305083467325684,1.3649621029969263,1.6540119773091666,5.334742522040833,7.151278065833333,1.27127,6.9788,6.87825,4.91508,8.8845,17.9174,-3.25358,-5.34842,2.73167,3.047413780924953,9.486208403454317,0.7895217362942418,2.2857576515394444,4.184086592910556,7.696848852777777,1.73093,6.09777,7.57493,7.56775,8.90365,17.9174,-3.25358,-5.34842,2.73167,2.9078621762054127,9.165572835078494,1.1423876009576983
07:07 AM,,4.641694283333333,-0.1744500095,8.503531733333332,4.61582,-0.184346,8.51581,4.83608,-0.0766112,8.56608,4.544,-0.237016,8.38174,0.003946440925361992,0.0011790224174301098,0.0012667637358887008,4.648726616666667,-0.1774043216,8.498619846666667,4.6254,-0.189134,8.51102,4.91508,-0.0622466,8.77677,4.2998,-0.320809,8.32189,0.004450336150836665,0.0015027129566207538,0.0014568142929408017,3.10077355215,3.125888209798333,7.521933665,4.5847,-0.119705,8.44877,4.91508,8.8845,17.9174,-3.25358,-5.34842,2.73167,3.1259569121762536,14.48059953047732,1.4526397943727132,1.8322961048925,5.0194008082325,7.1989990383333335,1.30478,6.9788,6.87825,4.91508,8.8845,17.9174,-3.25358,-5.34842,2.73167,3.4453490831623665,10.872636417221528,0.8707961489326362,2.3145631832061113,4.121823662593889,7.687521054444445,1.73093,6.09777,7.57493,7.56775,8.90365,17.9174,-3.25358,-5.34842,2.73167,3.01793088106751,9.588194575338735,1.124658562600466
07:08 AM,,4.6479152,-0.170810975,8.499461666666667,4.623,-0.177163,8.51102,4.83608,-0.0885817,8.55412,4.54639,-0.241804,8.38413,0.00390085892984307,0.0011332320598155007,0.0012406306042292718,4.649229433333334,-0.17656798343333333,8.498615013333334,4.623,-0.18674,8.51102,4.91508,-0.0622466,8.77677,4.2998,-0.320809,8.32189,0.00452501075553073,0.0014421368694074847,0.0014766631603199284,3.5023480939833336,2.4230578456316665,7.674802466666667,4.59906,-0.143646,8.48229,4.91508,8.8845,17.9174,-3.25358,-5.34842,2.73167,2.5947703941554727,13.680867978325233,1.494527863063693,2.0108398081425,4.705317591149167,7.2457428183333334,1.3383,6.9788,6.87825,4.91508,8.8845,17.9174,-3.25358,-5.34842,2.73167,3.7813608172292446,12.061434290892805,0.9465295890500445,2.3445698848727776,4.060403052871667,7.677706176111111,1.73093,6.09777,7.57493,7.56775,8.90365,17.9174,-3.25358,-5.34842,2.73167,3.130094853571621,9.998549219230268,1.105733011005595
07:09 AM,,4.64990235,-0.1726664055,8.498787416666667,4.6254,-0.179557,8.51102,4.86002,-0.0694289,8.5589,4.55597,-0.241804,8.37935,0.0038992760617470733,0.0012285967787845273,0.0012756305110114075,4.64753844,-0.17566381426666666,8.499808886666667,4.623,-0.184346,8.51102,4.86002,-0.0694289,8.57327,4.54161,-0.270533,8.3578,0.004082070926475222,0.0012804099566904932,0.0013242828896570405,3.8410101119833335,1.6403319717483333,7.922469971666667,4.60864,-0.160405,8.49905,4.91508,8.8845,17.9174,-3.25358,-5.34842,2.73167,2.106407244093307,10.998001659668901,1.2185039464732947,2.1632720608925,4.3515250467075,7.332285125833334,1.35147,6.92373,6.91895,4.91508,8.8845,17.9174,-3.25358,-5.34842,2.73167,4.0946866669587445,12.877259578096671,0.9985266355128769,2.375057674317222,3.9992313010216667,7.667583665555555,1.73093,6.09777,7.57493,7.56775,8.90365,17.9174,-3.25358,-5.34842,2.73167,3.241890883321942,10.400483190627897,1.0859470584392326
07:10 AM,,4.6547340833333335,-0.17570688066666668,8.497183316666666,4.63019,-0.184346,8.50863,4.83129,-0.0813994,8.5613,4.56315,-0.23941,8.39132,0.00379954562954229,0.0012762193672440998,0.0012399459173619936,4.6473380833333335,-0.1744164838,8.500207096666667,4.623,-0.181951,8.51102,4.86002,-0.0694289,8.57327,4.54161,-0.241804,8.3578,0.0039386188585125576,0.0012215271078586571,0.001276661578130032,4.1744046669833335,0.8472795686816667,8.182066875,4.61582,-0.174769,8.50623,4.91508,8.8845,17.9174,-3.25358,-5.34842,2.73167,1.426384795548751,6.959427481580778,0.7753628002691293,2.311081304225833,3.989415802674167,7.4270340025,1.35147,6.87346,6.95964,4.91508,8.8845,17.9174,-3.25358,-5.34842,2.73167,4.372523116818438,13.402432834093245,1.0307834149754362,2.4071794176505557,3.938788552221667,7.656670171111111,1.73093,6.09777,7.57493,7.56775,8.90365,17.9174,-3.25358,-5.34842,2.73167,3.3563941501239847,10.791966539487358,1.0641564100677745
07:11 AM,,4.6509994,-0.17519617233333334,8.501197583333333,4.62779,-0.181951,8.51342,4.8289,-0.0861876,8.56369,4.56315,-0.241804,8.37695,0.003619288543879798,0.0011388590783795003,0.0012180868817960474,4.649049063333333,-0.1737660886,8.500032343333334,4.6254,-0.181951,8.51102,4.86002,-0.0694289,8.56608,4.544,-0.241804,8.37695,0.0038464216483054215,0.0011928425567031978,0.0012512674630297982,4.50695371865,0.056313589781666666,8.439624436666668,4.623,-0.181951,8.51102,4.91508,8.8845,17.9174,-3.25358,-5.34842,2.73167,0.5269381195220338,1.694173826590172,0.21003548805135788,2.5010376618358334,3.6286019832241667,7.516254115,1.39337,6.83036,6.99556,4.91508,8.8845,17.9174,-3.25358,-5.34842,2.73167,4.465896172260661,13.672646167380195,1.0541678395777483,2.439767612095,3.8784434314772223,7.645766121666667,1.73093,6.09777,7.57493,7.56775,8.90365,17.9174,-3.25358,-5.34842,2.73167,3.4695885697141575,11.175613759352839,1.0420144098988695
07:12 AM,,4.6488887,-0.17408688116666668,8.5029532,4.6254,-0.181951,8.51342,4.84087,-0.0598525,8.56848,4.54639,-0.234622,8.39371,0.003431903153232052,0.0010752473093397282,0.0011878689827312166,4.650487946666667,-0.17369346293333332,8.499916636666667,4.6254,-0.181951,8.51102,4.86002,-0.0598525,8.56848,4.54639,-0.241804,8.37695,0.0037307632539351314,0.0011720369491125036,0.0012347530524721459,4.6496072816666665,-0.17554889226666667,8.499268241666666,4.6254,-0.184346,8.51102,4.91508,-0.0598525,8.77677,4.2998,-0.320809,8.32189,0.004090643530582425,0.0013405952117619606,0.0013459798241956292,2.7375111666025,3.2689951916658333,7.59937167,4.57991,-0.110129,8.42962,4.91508,8.8845,17.9174,-3.25358,-5.34842,2.73167,4.307479131757334,13.691946053427449,1.0731242017193376,2.472034737095,3.8206279447772222,7.635009045555556,1.73093,6.09777,7.57493,7.56775,8.90365,17.9174,-3.25358,-5.34842,2.73167,3.5744011354403296,11.539052385507492,1.0188245941618537
07:13 AM,,4.652439616666666,-0.17458967216666665,8.500092166666667,4.62779,-0.181951,8.51102,4.8265,-0.0766112,8.56369,4.55836,-0.241804,8.38413,0.0036238266237259295,0.0011813596429553009,0.0012495738734279351,4.65139283,-0.17444920236666667,8.500042736666666,4.62779,-0.181951,8.51102,4.86002,-0.0598525,8.56848,4.54639,-0.241804,8.37695,0.0036740494164299075,0.001179576685227847,0.0012364881649989878,4.650311131666666,-0.1755085929,8.499328875,4.6254,-0.184346,8.51102,4.91508,-0.0598525,8.77677,4.2998,-0.320809,8.32189,0.004100016983399895,0.0013117607601540353,0.0013568592124531165,2.9745759961275002,2.9097513097241667,7.6820020175,4.59188,-0.126887,8.45596,4.91508,8.8845,17.9174,-3.25358,-5.34842,2.73167,4.035315763999719,13.455939611891914,1.0786152375603848,2.5083156898727776,3.7567922229272224,7.623085770555556,1.73093,6.09777,7.57493,7.56775,8.90365,17.9174,-3.25358,-5.34842,2.73167,3.6918438458669,11.922828918556945,0.9937933616292078
07:14 AM,,4.653317733333333,-0.1764051785,8.4968799,4.63258,-0.181951,8.50623,4.80735,-0.0885817,8.56608,4.56555,-0.246592,8.38413,0.0031256378976917054,0.0010682216351314735,0.0010707435195225405,4.652075906666667,-0.17519695696666668,8.499661233333333,4.63019,-0.181951,8.51102,4.84087,-0.0598525,8.56848,4.54639,-0.246592,8.37695,0.003519358249994618,0.0011471146528524488,0.0011971059316561077,4.6498071733333335,-0.17543038561666666,8.49973506,4.6254,-0.184346,8.51102,4.86002,-0.0598525,8.57327,4.54161,-0.270533,8.3578,0.0038052290391498117,0.0012136144753504131,0.0012604897111815965,3.211740793285,2.549612829965833,7.765286539166667,4.60146,-0.138858,8.47272,4.91508,8.8845,17.9174,-3.25358,-5.34842,2.73167,3.650396820292408,12.954941443960097,1.0685236296620362,2.5480046476505556,3.6848007486438887,7.611273949444445,1.73093,6.09777,7.57493,7.56775,8.90365,17.9174,-3.25358,-5.34842,2.73167,3.8129701804033918,12.327989432734435,0.968756041430598
07:15 AM,,4.662933916666667,-0.17440609166666668,8.494034883333333,4.63976,-0.179557,8.50384,4.82171,-0.095764,8.57566,4.56076,-0.237016,8.38413,0.0034836429567543094,0.0009852344668446716,0.0011703128433920445,4.653715873333334,-0.17493679916666666,8.499031546666666,4.63019,-0.181951,8.50863,4.84087,-0.0598525,8.57566,4.54639,-0.246592,8.37695,0.003475745083531797,0.0010890007034905927,0.0011879061046427032,4.650526978333334,-0.17467664148333334,8.499619321666668,4.62779,-0.181951,8.51102,4.86002,-0.0598525,8.57566,4.54161,-0.246592,8.3578,0.0037167347508113304,0.001155139022896747,0.0012324239635504556,3.4490145167683335,2.1878824695491668,7.850080139166667,4.60625,-0.148434,8.48469,4.91508,8.8845,17.9174,-3.25358,-5.34842,2.73167,3.156709157047575,12.177586995832595,1.0409191000925466,2.5905889965394446,3.609561138921667,7.599208749444444,1.73093,6.09777,7.57493,7.56775,8.90365,17.9174,-3.25358,-5.34842,2.73167,3.936780591549575,12.733250636965861,0.942918354707381
07:16 AM,,4.669473683333333,-0.1773907745,8.48652935,4.64695,-0.184346,8.49666,4.85523,-0.0885817,8.54933,4.57752,-0.244198,8.37695,0.0035253495752250955,0.0010562580904573953,0.0010920872020809746,4.65741073,-0.1753757196,8.4960979,4.63497,-0.181951,8.505035,4.85523,-0.0598525,8.57566,4.54639,-0.246592,8.37695,0.0034915277676229716,0.0010735011660089255,0.0011844633795831958,4.653229896666667,-0.1745709041,8.498065121666666,4.63019,-0.181951,8.50863,4.86002,-0.0598525,8.57566,4.544,-0.246592,8.37695,0.0036858453913212064,0.0011336308038586262,0.0012215330160878788,3.673100740075,1.8285372191575,7.932294496666667,4.61103,-0.158011,8.49187,4.91508,8.8845,17.9174,-3.25358,-5.34842,2.73167,2.645602268701696,11.16528895851332,1.0031579659802283,2.653751283761667,3.4983047133272223,7.6002070844444445,1.76445,6.07622,7.58929,4.91508,8.8845,17.9174,-3.25358,-5.34842,2.73167,4.031849650258435,13.0697234843082,0.9298372568142115
07:17 AM,,4.681695633333334,-0.17399913816666668,8.481186600000001,4.662505,-0.177163,8.49187,4.86481,-0.0837935,8.56608,4.57033,-0.244198,8.36498,0.0039270993812342775,0.0011279027171952854,0.0013696745036126936,4.663972116666667,-0.175358171,8.49174458,4.64216,-0.181951,8.50144,4.86481,-0.0766112,8.57566,4.55836,-0.246592,8.36498,0.0036508295603398327,0.001084064683383587,0.001236900311794201,4.657230031666667,-0.17452581696666666,8.495830608333334,4.63497,-0.181951,8.50623,4.86481,-0.0598525,8.57566,4.54639,-0.246592,8.36498,0.003735644459225532,0.0011285557051636294,0.0012523190872944807,3.8790017919083333,1.4756811964158334,8.008882136666667,4.61582,-0.162799,8.49666,4.91508,8.8845,17.9174,-3.25358,-5.34842,2.73167,2.1704055308896146,9.96367072532796,0.9640240484497555,2.7739407471505557,3.288091933166111,7.631276228333333,4.57752,-0.110129,8.42004,4.91508,8.8845,17.9174,-3.25358,-5.34842,2.73167,4.071568450610311,13.243792973372278,0.9546799342764621
07:18 AM,,4.68683075,-0.16907127733333333,8.480552133333333,4.6637,-0.174769,8.49187,4.88636,-0.0598525,8.55172,4.5823,-0.241804,8.34104,0.004027213520137726,0.0012520152342589178,0.0014383289734045703,4.670850343333333,-0.17425449203333335,8.487836573333334,4.64934,-0.179557,8.497855000000001,4.88636,-0.0598525,8.57566,4.56076,-0.246592,8.34104,0.0037620032454639403,0.0011047479252368588,0.001270444810661514,4.661121586666667,-0.1743518472,8.493939655,4.63976,-0.181951,8.50384,4.88636,-0.0598525,8.57566,4.54639,-0.246592,8.34104,0.0038120710402892006,0.0011419813927245395,0.0012905113567237639,4.081734840325,1.1243529992158334,8.084371060833334,4.623,-0.167587,8.49905,4.91508,8.8845,17.9174,-3.25358,-5.34842,2.73167,1.6348999275561271,8.527209691273914,0.9156072696124674,2.8942670676505555,3.0787611116994444,7.661808430555555,4.59188,-0.122099,8.4392,4.91508,8.8845,17.9174,-3.25358,-5.34842,2.73167,4.083081898017294,13.332779382912006,0.9776727423134154
07:19 AM,,4.686555633333334,-0.17403901666666666,8.481174533333334,4.6637,-0.17836,8.49426,4.8696,-0.0670348,8.54933,4.57512,-0.248986,8.34343,0.0042318247234713405,0.0013800622475025265,0.0014055837026199281,4.677497923333333,-0.17378125966666666,8.4846955,4.65652,-0.177163,8.49426,4.88636,-0.0598525,8.57566,4.56076,-0.248986,8.34104,0.00392658916791009,0.0011658927290398332,0.0013199716050850338,4.664786915,-0.17448910831666667,8.492178366666666,4.64455,-0.181951,8.50144,4.88636,-0.0598525,8.57566,4.54639,-0.248986,8.34104,0.0038839497755286936,0.0011568120414340382,0.0013143316042662685,4.252898513491667,0.7329214317158333,8.207324169166666,4.62779,-0.172375,8.50144,4.91508,8.8845,17.9174,-3.25358,-5.34842,2.73167,1.2247238549532649,6.322583409428717,0.6910069852644151,2.997110345595,2.8428536616994444,7.718916206111111,4.59906,-0.131675,8.45356,4.91508,8.8845,17.9174,-3.25358,-5.34842,2.73167,4.121659614024292,13.137418407630147,0.9650877879513537
07:20 AM,,4.71714445,-0.17628945383333333,8.46284785,4.69962,-0.177163,8.47032,4.89354,-0.0861876,8.55412,4.60625,-0.25138,8.35301,0.00432407044143322,0.0014863697902444259,0.0014357311093931616,4.68834003,-0.1741579321,8.478458093333334,4.66849,-0.177163,8.488275000000002,4.89354,-0.0598525,8.56608,4.57033,-0.25138,8.34104,0.004248898038978758,0.001267024701737412,0.0014121114027655505,4.671027951666667,-0.17454736563333334,8.48874482,4.65173,-0.179557,8.49905,4.89354,-0.0598525,8.57566,4.54639,-0.25138,8.34104,0.004161435749579258,0.0011779680181930477,0.0014056264340399423,4.422716309325,0.3363661015241667,8.3354058475,4.63258,-0.177163,8.50144,4.91508,8.8845,17.9174,-3.25358,-5.34842,2.73167,0.7768773149618862,3.741067000851654,0.4118666453571615,3.0977301867061113,2.601428079905,7.780937608333334,4.60625,-0.136464,8.46074,4.91508,8.8845,17.9174,-3.25358,-5.34842,2.73167,4.154023114997226,12.788333533780305,0.938147785391085
07:21 AM,,4.7129984333333335,-0.17247486716666666,8.4590689,4.69243,-0.177163,8.47032,4.90311,-0.071823,8.52778,4.60146,-0.263351,8.34104,0.0044346085901958805,0.001717578667331491,0.0014676933073021802,4.69704498,-0.17317475063333335,8.472966003333333,4.67807,-0.177163,8.48229,4.90311,-0.0598525,8.56608,4.57033,-0.263351,8.34104,0.004405142246215003,0.0013966212174794394,0.0015191391719173017,4.677227855,-0.17427523511666668,8.484531951666666,4.65892,-0.179557,8.49426,4.90311,-0.0598525,8.57566,4.54639,-0.263351,8.34104,0.004340460748640413,0.0012360665818753043,0.0014853693977406241,4.592090786825,-0.0589808226675,8.462078194166667,4.63976,-0.179557,8.50144,4.91508,8.8845,17.9174,-3.25358,-5.34842,2.73167,0.2728660761374273,0.8609282079875903,0.10625582786461936,3.2264343928905554,2.3609762437772224,7.839013393888889,4.61103,-0.143646,8.46793,4.91508,8.8845,17.9174,-3.25358,-5.34842,2.73167,4.031087372758616,12.32918479231749,0.911612784823044
07:22 AM,,4.7211544,-0.17109823816666667,8.453386933333334,4.69722,-0.174769,8.46673,4.93184,-0.0646407,8.53496,4.60146,-0.265745,8.30034,0.005536909791959931,0.0019801975935072385,0.0019136505805631711,4.704936733333334,-0.17259457063333333,8.467406070000001,4.68525,-0.177163,8.4775,4.93184,-0.0598525,8.55412,4.57512,-0.265745,8.30034,0.004733529754647103,0.0015672428173277636,0.0016600395245632957,4.684454425,-0.17397637081666667,8.479575325,4.6661,-0.179557,8.48947,4.93184,-0.0598525,8.57566,4.55836,-0.265745,8.30034,0.004611075731557965,0.0013273424612624271,0.001596343919447621,4.667030853333333,-0.17476263154166666,8.489421783333333,4.64695,-0.181951,8.50144,4.93184,-0.0598525,8.77677,4.2998,-0.320809,8.30034,0.004654103179353432,0.0013344759206271716,0.0015680000865602702,3.386492252735,2.1213380041716667,7.892772888333333,4.61582,-0.148434,8.47272,4.93184,8.8845,17.9174,-3.25358,-5.34842,2.73167,3.7155095366935806,11.762533259778534,0.888106431507558
07:23 AM,,4.7196983333333336,-0.17470139266666668,8.4547317,4.69962,-0.181951,8.46793,4.9486,-0.0646407,8.5206,4.60625,-0.253774,8.32189,0.004964901094045627,0.0020272688278076922,0.001700346925986654,4.71151025,-0.1737205937,8.462241983333334,4.69243,-0.177163,8.47272,4.9486,-0.0646407,8.55412,4.57512,-0.265745,8.30034,0.004855599916009501,0.0017192228709246651,0.0016832598595195706,4.6911802966666665,-0.17398754286666668,8.475039278333334,4.67328,-0.179557,8.48469,4.9486,-0.0598525,8.57566,4.56076,-0.265745,8.30034,0.004721459225949644,0.0014118213016892673,0.001640404210997703,4.670745714166666,-0.17474806788333333,8.487184076666667,4.65173,-0.181951,8.49666,4.9486,-0.0598525,8.77677,4.2998,-0.320809,8.30034,0.004827977475062885,0.0013622559853829221,0.0016460152342669795,3.5467774296405556,1.8818383588605556,7.946347771111111,4.62061,-0.153222,8.47511,4.9486,8.8845,17.9174,-3.25358,-5.34842,2.73167,3.3465747644117645,11.084175241012991,0.8593687098521572
07:24 AM,,4.714905783333333,-0.17780173966666665,8.45757265,4.69483,-0.18674,8.46793,4.92227,-0.071823,8.52778,4.59428,-0.263351,8.32428,0.005154077381021424,0.0022217148119067377,0.0017187213510626127,4.71718028,-0.1744731383,8.457521606666667,4.69722,-0.179557,8.46793,4.9486,-0.0646407,8.55412,4.59428,-0.265745,8.30034,0.004885363061542112,0.0018900743319058184,0.001656164267107667,4.697339101666667,-0.17412719898333334,8.471108553333334,4.67807,-0.179557,8.4799,4.9486,-0.0598525,8.57566,4.56076,-0.265745,8.30034,0.0047989796436169315,0.0015278485180598273,0.0016724557758031298,4.6735731375,-0.1747787923,8.485421806666666,4.65413,-0.181951,8.49426,4.9486,-0.0598525,8.57566,4.54161,-0.270533,8.30034,0.0048666139279250845,0.0013710418687950603,0.0016712368220877982,3.7069402294122225,1.6416994869827777,8.00056054388889,4.6254,-0.155616,8.4775,4.9486,8.8845,17.9174,-3.25358,-5.34842,2.73167,2.9256019701670395,10.285601807352467,0.8236005865460846
07:25 AM,,4.710381016666667,-0.18104973133333332,8.458143366666667,4.68286,-0.189134,8.47272,4.93424,-0.0622466,8.53017,4.59428,-0.260957,8.30273,0.0050545329427042285,0.002127765508290469,0.0017398868841391323,4.715827593333334,-0.1754251938,8.45658071,4.69243,-0.181951,8.46793,4.9486,-0.0622466,8.53496,4.59428,-0.265745,8.30034,0.005038679158060641,0.0020252688468674774,0.0017104303824567288,4.702083811666666,-0.17479156295,8.467519401666667,4.68286,-0.179557,8.4775,4.9486,-0.0598525,8.56608,4.57033,-0.265745,8.30034,0.004831937526408931,0.0016462739257527077,0.0016806855586184418,4.676305395,-0.17473410221666666,8.483569361666667,4.65892,-0.181951,8.49187,4.9486,-0.0598525,8.57566,4.54161,-0.265745,8.30034,0.004938562061932467,0.001400593041068304,0.0017140560559638634,3.8667042817344446,1.400324458716111,8.055893226666667,4.63258,-0.160405,8.4799,4.9486,8.8845,17.9174,-3.25358,-5.34842,2.73167,2.4549736429747657,9.359278665240257,0.7792097164388464
07:26 AM,,4.7251007,-0.12830374813333334,8.4494246,4.69243,-0.148434,8.47032,5.45376,0.189134,8.60918,4.28544,-0.38545,7.97474,0.016142720222213688,0.009162683878395186,0.005372547259939912,4.718248046666667,-0.16659096999333334,8.45465185,4.69363,-0.177163,8.46793,5.45376,0.189134,8.60918,4.28544,-0.38545,7.97474,0.007386920205452971,0.00387672707271352,0.0024956445563296204,4.707646513333334,-0.16988286031333333,8.463808926666667,4.68525,-0.177163,8.47511,5.45376,0.189134,8.60918,4.28544,-0.38545,7.97474,0.0060074596343822175,0.002647072974422761,0.0020909232737935965,4.680438205,-0.17222688220666665,8.480937024166666,4.66131,-0.179557,8.49187,5.45376,0.189134,8.60918,4.28544,-0.38545,7.97474,0.005586602329988805,0.0018956892432325323,0.0019494862880767587,4.017949331161111,1.1623971926672223,8.109465973333334,4.63737,-0.165193,8.48229,5.45376,8.8845,17.9174,-3.25358,-5.34842,2.73167,2.0035424301552887,8.331735833107603,0.732233248497647
07:27 AM,,4.7094592,-0.18189566166666668,8.463083083333334,4.68645,-0.193922,8.47511,4.89354,-0.0790053,8.53496,4.61822,-0.25138,8.34104,0.0036106831252353884,0.0012999948444405648,0.0012660211338828675,4.715909006666667,-0.16875045469333333,8.45659108,4.69004,-0.184346,8.47032,5.45376,0.189134,8.60918,4.28544,-0.38545,7.97474,0.007010479746595485,0.0037790009317659155,0.0023764313290099465,4.71042287,-0.17067251266333333,8.461998575,4.68765,-0.179557,8.47511,5.45376,0.189134,8.60918,4.28544,-0.38545,7.97474,0.005901128632668543,0.002676371202629136,0.0020471448746318226,4.683826450833333,-0.172599164815,8.478914591666667,4.6661,-0.179557,8.48708,5.45376,0.189134,8.60918,4.28544,-0.38545,7.97474,0.005525413445132174,0.0019060171999342496,0.0019357699596632394,4.156142151272222,0.9268966267227777,8.159920949444444,4.64455,-0.167587,8.48469,5.45376,8.8845,17.9174,-3.25358,-5.34842,2.73167,1.6024857421074672,7.245517124598572,0.6889751322964095
07:28 AM,,4.710684233333334,-0.18144876683333333,8.466167650000001,4.68765,-0.191528,8.4799,4.91269,-0.0790053,8.52778,4.61582,-0.248986,8.33625,0.003943899893234277,0.0012443798380002838,0.001372298476772131,4.714106186666666,-0.17009992952666667,8.45887827,4.68765,-0.18674,8.47511,5.45376,0.189134,8.60918,4.28544,-0.38545,7.97474,0.0068058893353702766,0.0036459853696430107,0.0023233327308173827,4.7128082183333335,-0.17191026161333334,8.460560126666667,4.69004,-0.181951,8.47272,5.45376,0.189134,8.60918,4.28544,-0.38545,7.97474,0.005831457675554921,0.0026854347936400313,0.002005791470162325,4.6869649025,-0.17313105440666668,8.477249890833333,4.67089,-0.181951,8.48708,5.45376,0.189134,8.60918,4.28544,-0.38545,7.97474,0.005489295145052578,0.0019150390634662985,0.001926585498271276,4.292092632994445,0.6922652456061111,8.209767416111111,4.64934,-0.172375,8.48708,5.45376,8.8845,17.9174,-3.25358,-5.34842,2.73167,1.180352329521919,6.058963985467226,0.642506651709524
07:29 AM,,4.716242683333333,-0.18111359783333333,8.46674215,4.69004,-0.189134,8.4775,4.9103,-0.0885817,8.53736,4.61343,-0.25138,8.34104,0.004000555338196711,0.0012261889750438183,0.0014300395688255489,4.714373566666667,-0.17076230116,8.46071217,4.68765,-0.18674,8.47511,5.45376,0.189134,8.60918,4.28544,-0.38545,7.97474,0.006576206433756805,0.003459107617478682,0.002274340274615982,4.715776923333333,-0.17261771973,8.459116888333334,4.69243,-0.184346,8.47272,5.45376,0.189134,8.60918,4.28544,-0.38545,7.97474,0.005731799195866764,0.0026775882871517788,0.0019674700220378796,4.690281919166667,-0.17355341402333332,8.4756476275,4.67328,-0.181951,8.48469,5.45376,0.189134,8.60918,4.28544,-0.38545,7.97474,0.005457523204342158,0.0019179159810745257,0.0019140521714272004,4.407191316772222,0.43107504790055556,8.291255075555556,4.65413,-0.177163,8.48708,5.45376,8.8845,17.9174,-3.25358,-5.34842,2.73167,0.8659854596450042,4.3980635480345995,0.47540385368916593
07:30 AM,,4.7148739,-0.181596402,8.466263116666667,4.69004,-0.189134,8.4775,4.89114,-0.0766112,8.53975,4.61582,-0.244198,8.34104,0.0037595294411919816,0.0011147825472488774,0.0013857624037927182,4.715272143333333,-0.17087163529333332,8.46233612,4.68765,-0.18674,8.4775,5.45376,0.189134,8.60918,4.28544,-0.38545,7.97474,0.006313604402840399,0.003259079360507024,0.002205816216751193,4.7155498683333334,-0.17314841454666666,8.459458415,4.69004,-0.184346,8.47511,5.45376,0.189134,8.60918,4.28544,-0.38545,7.97474,0.00567527274315652,0.0026469182557970635,0.0019660794578140873,4.69328891,-0.17384789009,8.4741016175,4.67567,-0.181951,8.48469,5.45376,0.189134,8.60918,4.28544,-0.38545,7.97474,0.005413535914571445,0.0019127730602629665,0.001900153696033368,4.520327495661111,0.16652792950055556,8.376756703333333,4.66131,-0.179557,8.48947,5.45376,8.8845,17.9174,-3.25358,-5.34842,2.73167,0.538852316047548,2.5525508069438914,0.2786453995400509
07:31 AM,,4.722734533333333,-0.1814567625,8.4613552,4.69722,-0.189134,8.47511,4.91748,-0.0837935,8.53496,4.62061,-0.244198,8.33386,0.0038801544789137435,0.0010912285110941673,0.0013840972290083567,4.71479891,-0.18150223816666666,8.46472224,4.69004,-0.191528,8.4775,4.91748,-0.0766112,8.53975,4.61343,-0.25138,8.33386,0.00385595295683084,0.001193784603275952,0.0013703346024498918,4.716523478333333,-0.17404660408,8.459687045,4.69243,-0.18674,8.47511,5.45376,0.189134,8.60918,4.28544,-0.38545,7.97474,0.005623474150576291,0.002590428970511422,0.0019580247756805984,4.696875666666667,-0.17416091959833332,8.472109498333333,4.67807,-0.181951,8.48229,5.45376,0.189134,8.60918,4.28544,-0.38545,7.97474,0.005367620926732781,0.001913101394717956,0.0018758838076656417,4.633568350661111,-0.09733608313833333,8.461281144444445,4.6661,-0.181951,8.48947,5.45376,8.8845,17.9174,-3.25358,-5.34842,2.73167,0.18722091493229231,0.5777419905131101,0.07148912381544667
07:32 AM,,4.7305435,-0.17996043116666666,8.456239883333334,4.7068,-0.18674,8.46793,4.92945,-0.0909757,8.52299,4.63019,-0.241804,8.33625,0.004066729031803005,0.0012385084415157716,0.0014340906442267738,4.71901577,-0.18111519206666668,8.4633536,4.69483,-0.189134,8.4775,4.92945,-0.0766112,8.53975,4.61343,-0.25138,8.33386,0.003973143200273855,0.0011817984954608173,0.001415887198106044,4.717462388333334,-0.17493282338,8.45997234,4.69243,-0.18674,8.47511,5.45376,0.189134,8.60918,4.28544,-0.38545,7.97474,0.005493309415781825,0.0025182142986698167,0.0019072780093259637,4.7009584066666665,-0.17445459709833333,8.4697738325,4.68286,-0.181951,8.4799,5.45376,0.189134,8.60918,4.28544,-0.38545,7.97474,0.005324175633730764,0.0019228468545171473,0.0018477422296394202,4.683841365,-0.17481936215444444,8.479605302222222,4.66849,-0.181951,8.48708,5.45376,0.189134,8.77677,4.28544,-0.38545,7.97474,0.005498766938394461,0.0017289438307890996,0.0018737303554172988
07:33 AM,,4.7283528,-0.180407315,8.457337266666666,4.7044,-0.18674,8.47032,4.89833,-0.095764,8.52299,4.623,-0.25138,8.34343,0.0038526563043338874,0.0012103135762027795,0.0013653953708135853,4.722549483333333,-0.1809069017,8.461587523333334,4.69962,-0.189134,8.47511,4.92945,-0.0766112,8.53975,4.61343,-0.25138,8.33386,0.003945981838512557,0.0011750289206834549,0.0014170457152045315,4.718327835,-0.17550341561333332,8.460232896666668,4.69483,-0.18674,8.47511,5.45376,0.189134,8.60918,4.28544,-0.38545,7.97474,0.005392864733851747,0.0024393078559796417,0.0018717127921413549,4.704754065833334,-0.17474547924,8.4676360875,4.68525,-0.181951,8.4775,5.45376,0.189134,8.60918,4.28544,-0.38545,7.97474,0.005241003079217265,0.001925978617168768,0.0018107239533301286,4.686606421111111,-0.17499985046,8.47820035,4.67328,-0.184346,8.48708,5.45376,0.189134,8.77677,4.28544,-0.38545,7.97474,0.005519136071651088,0.0017212844934387699,0.0018825716011775684
07:34 AM,,4.73205195,-0.17946962583333334,8.454747683333334,4.71159,-0.184346,8.46553,4.89593,-0.0670348,8.52778,4.63019,-0.244198,8.34583,0.0037084514477771268,0.0012094907204155752,0.001386250642537291,4.7257113366666665,-0.1805781073,8.45918863,4.70201,-0.18674,8.47032,4.92945,-0.0670348,8.53975,4.61582,-0.25138,8.33386,0.003887745929223061,0.0011719903249450382,0.0014065869978223818,4.720042451666667,-0.17567020423,8.4599504,4.696025,-0.18674,8.47511,5.45376,0.189134,8.60918,4.28544,-0.38545,7.97474,0.005263245654181691,0.0023392545098509464,0.001840737231411911,4.708690776666667,-0.17489870160666668,8.465529476666667,4.69004,-0.181951,8.4775,5.45376,0.189134,8.60918,4.28544,-0.38545,7.97474,0.005159564619148382,0.0019339856371372993,0.0017875787988760362,4.689062908888889,-0.17507592961,8.476931337777778,4.67567,-0.181951,8.48469,5.45376,0.189134,8.60918,4.28544,-0.38545,7.97474,0.005478432126067589,0.0016938439718419658,0.001871821962874958
07:35 AM,,4.73579045,-0.17907462533333332,8.451000933333333,4.70919,-0.1831485,8.46314,4.92227,-0.0909757,8.53736,4.63258,-0.260957,8.32428,0.004446344951550082,0.0012983750941448996,0.0015981739366900433,4.729894646666667,-0.18007375196666667,8.456136193333334,4.7044,-0.18674,8.46793,4.92945,-0.0670348,8.53736,4.62061,-0.260957,8.32428,0.0040042465421892175,0.001208650189246725,0.0014430913020766548,4.722583395,-0.17547269363,8.459236156666666,4.69722,-0.18674,8.47272,5.45376,0.189134,8.60918,4.28544,-0.38545,7.97474,0.005211528819760599,0.0022546656687141113,0.0018337610076634078,4.712333603333334,-0.17513212829,8.463377779166667,4.69243,-0.184346,8.47511,5.45376,0.189134,8.60918,4.28544,-0.38545,7.97474,0.005126381645236423,0.0019504232389545928,0.001774231302134752,4.691731395,-0.17498029935444445,8.475458293333334,4.67807,-0.181951,8.48469,5.45376,0.189134,8.60918,4.28544,-0.38545,7.97474,0.005505215884597561,0.001685295700622142,0.0018854442114990422
07:36 AM,,4.7335960833333335,-0.18248221533333334,8.453626366666667,4.70919,-0.189134,8.46553,4.90311,-0.0861876,8.5206,4.63497,-0.248986,8.34104,0.004044641041896217,0.0012378918156208663,0.0013925816642392922,4.732066956666666,-0.18027884253333334,8.454590426666666,4.70919,-0.18674,8.46793,4.92945,-0.0670348,8.53736,4.623,-0.260957,8.32428,0.004024863649654673,0.0012386795055461062,0.0014382065780106318,4.723432933333333,-0.18089054035,8.459656333333333,4.69962,-0.189134,8.47272,4.92945,-0.0670348,8.53975,4.61343,-0.260957,8.32428,0.0040143102444362925,0.001216403551870452,0.0014297041944213,4.715539723333333,-0.17538670033166667,8.46173263,4.69483,-0.184346,8.47511,5.45376,0.189134,8.60918,4.28544,-0.38545,7.97474,0.005072775287297395,0.0019618720510544106,0.001764478396199458,4.694769781111111,-0.17511476825444444,8.473843460555555,4.68046,-0.181951,8.48229,5.45376,0.189134,8.60918,4.28544,-0.38545,7.97474,0.005473063790862688,0.0016858612160073438,0.001876779412319688
07:37 AM,,4.73215955,-0.181341033,8.454121183333333,4.7068,-0.18674,8.46793,4.91748,-0.0933698,8.5206,4.61582,-0.248986,8.33625,0.004149048373586811,0.0012557699237525652,0.0014434722498494815,4.732390166666667,-0.1805549629,8.454166686666667,4.70919,-0.18674,8.46553,4.92227,-0.0670348,8.53736,4.61582,-0.260957,8.32428,0.0040407384357841495,0.001242256370555312,0.001439400510725404,4.725702968333334,-0.18083507748333333,8.458760143333334,4.70201,-0.189134,8.47032,4.92945,-0.0670348,8.53975,4.61343,-0.260957,8.32428,0.0040509989591321835,0.001211903872022195,0.0014485092354853777,4.718062919166667,-0.17575379507333333,8.460379359166668,4.69722,-0.184346,8.47272,5.45376,0.189134,8.60918,4.28544,-0.38545,7.97474,0.005034024305228899,0.0019697970950908776,0.0017503034690867648,4.69778529,-0.17534446903777778,8.472196442222222,4.68286,-0.181951,8.4799,5.45376,0.189134,8.60918,4.28544,-0.38545,7.97474,0.0054234096091830735,0.001689640132240339,0.0018635322962475688
07:38 AM,,4.743982366666667,-0.179505547,8.446073133333334,4.72595,-0.184346,8.45596,4.91269,-0.0837935,8.5182,4.61582,-0.246592,8.34343,0.004048762127611574,0.0012514133390220611,0.0014030936642893737,4.73551608,-0.1803746093,8.45191386,4.71159,-0.184346,8.46314,4.92227,-0.0670348,8.53736,4.61582,-0.260957,8.32428,0.00409375632454178,0.001250648788015442,0.0014529474965992721,4.729032781666667,-0.1806407555,8.456750691666667,4.7044,-0.18674,8.46793,4.92945,-0.0670348,8.53975,4.61343,-0.260957,8.32428,0.004061239155638268,0.0012127075264521817,0.0014581562403116562,4.7209205,-0.17627550855666665,8.458655409166667,4.69962,-0.184346,8.47032,5.45376,0.189134,8.60918,4.28544,-0.38545,7.97474,0.005011750783931992,0.0019679656928701193,0.0017354577631628545,4.700987528888889,-0.17563428810444445,8.470416824444445,4.68525,-0.181951,8.4799,5.45376,0.189134,8.60918,4.28544,-0.38545,7.97474,0.005406314349157449,0.0016933812220547588,0.001863739504710558
07:39 AM,,4.747226216666666,-0.18364733366666666,8.445825766666667,4.72116,-0.193922,8.46074,4.93184,-0.0885817,8.5206,4.63019,-0.25138,8.3171,0.004489043559452142,0.0013708637357850082,0.0016503928688603282,4.738550933333333,-0.18121015086666667,8.450129476666667,4.71398,-0.18674,8.46314,4.93184,-0.0837935,8.53736,4.61582,-0.260957,8.3171,0.004265486879088585,0.0012841609870486354,0.0015083291962915584,4.732131135,-0.18089412908333333,8.454659053333334,4.70919,-0.18674,8.46793,4.93184,-0.0670348,8.53975,4.61582,-0.260957,8.3171,0.004117157535584371,0.0012279708290172152,0.001477735631742453,4.723954029166666,-0.17675592440666665,8.456887970833334,4.70201,-0.185543,8.47032,5.45376,0.189134,8.60918,4.28544,-0.38545,7.97474,0.004990938590690038,0.0019697429780189705,0.001727427751953487,4.704231657777778,-0.17600031904333333,8.468651436111111,4.68765,-0.184346,8.4775,5.45376,0.189134,8.60918,4.28544,-0.38545,7.97474,0.00539969311896949,0.0016998286155095257,0.001866421970219269
07:40 AM,,4.746324566666667,-0.181161456,8.446132833333333,4.72116,-0.187937,8.46074,4.93184,-0.0550643,8.53496,4.63258,-0.25138,8.30273,0.004614290834870341,0.00142120195581165,0.0018288767545631634,4.740657756666667,-0.181627517,8.449155856666668,4.71877,-0.189134,8.46314,4.93184,-0.0550643,8.53496,4.61582,-0.25138,8.30273,0.004305156413805391,0.0013076074184599508,0.0015565037254412746,4.735276201666666,-0.18085063448333333,8.452646025,4.71159,-0.18674,8.46553,4.93184,-0.0550643,8.53736,4.61582,-0.260957,8.30273,0.004182974874201697,0.0012585227278180588,0.0015117308113846123,4.725413035,-0.176999524515,8.45605222,4.70201,-0.18674,8.46793,5.45376,0.189134,8.60918,4.28544,-0.38545,7.97474,0.005026003178336968,0.0019673900355500857,0.0017503633450670305,4.707284673888889,-0.17618213822111112,8.466949753333333,4.69004,-0.184346,8.4775,5.45376,0.189134,8.60918,4.28544,-0.38545,7.97474,0.005394878290754247,0.0017055056120022956,0.0018728922236960332
07:41 AM,,4.7477849333333335,-0.18093799466666666,8.445366766666666,4.72236,-0.18674,8.45835,4.94381,-0.0933698,8.5206,4.63737,-0.25138,8.32668,0.004350594417691707,0.0012452308648317578,0.0016010267674913781,4.743495526666667,-0.18131867286666667,8.447503936666667,4.72116,-0.18674,8.46074,4.94381,-0.0550643,8.53496,4.61582,-0.25138,8.30273,0.0043583957957878845,0.0013089268234167826,0.0015942813659246356,4.737781241666666,-0.1807987577,8.451047181666667,4.71398,-0.18674,8.46314,4.94381,-0.0550643,8.53736,4.61582,-0.260957,8.30273,0.0042235894974578395,0.0012738611854047148,0.0015285479004237402,4.72715236,-0.17742268089,8.455367113333333,4.7044,-0.18674,8.46793,5.45376,0.189134,8.60918,4.28544,-0.38545,7.97474,0.005036104036200082,0.001943382896980177,0.0017618044169685778,4.7105108583333335,-0.17637353229888889,8.46508872611111,4.69243,-0.184346,8.47511,5.45376,0.189134,8.60918,4.28544,-0.38545,7.97474,0.005357878835459676,0.0017097305664269897,0.001858601777670417
07:42 AM,,4.058176839166666,0.09175781798333334,8.367155283333334,4.72116,-0.168784,8.45117,7.80716,5.33166,10.4143,-11.2762,-3.59833,1.50349,6.77922229830306,0.7375226464590146,0.3492787735464972,4.6086989845,-0.12669890267,8.430110756666666,4.72116,-0.184346,8.45835,7.80716,5.33166,10.4143,-11.2762,-3.59833,1.50349,1.4333275431146695,0.16030071167456605,0.0720487822757527,4.6705445755833335,-0.153626932785,8.442138721666666,4.71637,-0.184346,8.46314,7.80716,5.33166,10.4143,-11.2762,-3.59833,1.50349,0.7223898548405554,0.0814832595436848,0.036882662415218405,4.694003481958333,-0.1642798780825,8.451055530833333,4.7068,-0.18674,8.46793,7.80716,5.33166,10.4143,-11.2762,-3.59833,1.50349,0.36446161728756554,0.04211073126947442,0.0194728699421134,4.690820462972222,-0.16751204232722222,8.460562128888888,4.69483,-0.184346,8.47272,7.80716,5.33166,10.4143,-11.2762,-3.59833,1.50349,0.24452478066016387,0.028536334230396792,0.013694369034136402
07:43 AM,,-5.8814827,0.7857511783333333,7.56279845,-5.68359,0.797235,7.73294,-5.40348,1.55138,7.93404,-7.68027,-0.452485,5.75302,0.2293862650524641,0.023813206709303703,0.16647079523315272,2.4836059711666665,0.06635244239666667,8.25345582,4.7068,-0.162799,8.44159,7.80716,5.33166,10.4143,-11.2762,-3.59833,1.50349,18.973268298864863,0.2935364615629314,0.22424623382280187,3.6095610255833335,-0.057011083451666666,8.35268484,4.70919,-0.177163,8.45596,7.80716,5.33166,10.4143,-11.2762,-3.59833,1.50349,10.755085432724064,0.16259008184712187,0.122678819009476,4.163944430291667,-0.1162572495325,8.406458868333333,4.70201,-0.181951,8.46553,7.80716,5.33166,10.4143,-11.2762,-3.59833,1.50349,5.687157331397789,0.08601821878258506,0.06516196297660073,4.339689719083333,-0.1355006806438889,8.429319005,4.69483,-0.181951,8.47032,7.80716,5.33166,10.4143,-11.2762,-3.59833,1.50349,3.8546827872941463,0.05855510140757085,0.04503207229074281
07:44 AM,,-5.38959545,0.8577257816666667,7.94392695,-5.38912,0.842723,7.94123,-5.23829,0.988763,8.04896,-5.54713,0.758929,7.82152,0.0030311015256736223,0.0023861060943211987,0.0014255828249056736,0.4562416378333333,0.2746270654633333,8.153076056666666,4.68286,-0.129281,8.38892,7.80716,5.33166,10.4143,-11.2762,-3.59833,1.50349,26.237857386547237,0.3631384284777221,0.22588618150965334,2.5973962855833332,0.04670845729833333,8.301602766666667,4.70201,-0.165193,8.44399,7.80716,5.33166,10.4143,-11.2762,-3.59833,1.50349,17.704181672094368,0.23413647232739995,0.1357421635452031,3.658719368625,-0.06448087346583334,8.380776583333333,4.69962,-0.177163,8.46314,7.80716,5.33166,10.4143,-11.2762,-3.59833,1.50349,9.980485065483654,0.13059210705942723,0.07505473295322251,4.004925946305556,-0.10102964863833333,8.410887240000001,4.69483,-0.177163,8.46793,7.80716,5.33166,10.4143,-11.2762,-3.59833,1.50349,6.894802665652236,0.09023998681392668,0.0524059260026159
07:45 AM,,-5.062389396666667,0.6599812176666666,7.433133815833333,-5.27061,0.861876,8.01784,8.69058,1.93204,8.17585,-10.0792,-5.92061,-17.7953,3.371549282164984,0.980754762561658,8.155291876244513,-1.5055011548333332,0.44285560019666664,7.950476253166666,-5.27181,0.787659,8.01544,8.69058,5.33166,10.4143,-11.2762,-5.92061,-17.7953,25.47152723692253,0.5185805995016967,1.8998591821869737,1.6175783009166667,0.13061404159833334,8.199816054916667,4.69363,-0.153222,8.42723,8.69058,5.33166,10.4143,-11.2762,-5.92061,-17.7953,22.491044018866805,0.35741181497733765,1.0127300654228553,3.1700808479583333,-0.022429326015833334,8.329526105791667,4.69483,-0.172375,8.45835,8.69058,5.33166,10.4143,-11.2762,-5.92061,-17.7953,13.657655382400373,0.20324247736010367,0.5240657356723579,3.680748502527778,-0.07321673832722222,8.375523871083333,4.69243,-0.174769,8.46553,8.69058,5.33166,10.4143,-11.2762,-5.92061,-17.7953,9.628053005716287,0.14119892705699244,0.3541594418481335
07:46 AM,,5.729122516666667,-6.006522383333333,-5.288172733333333,5.69796,-6.02355,-5.29575,6.2486,-5.41785,-5.00845,5.39869,-6.06904,-5.60219,0.007225032637228435,0.003951735583792713,0.002055673791180854,-1.3092336381666667,-0.7222612775366667,5.203768353166667,-5.27181,0.787659,7.92686,8.69058,5.33166,10.4143,-11.2762,-6.06904,-17.7953,28.08168883574201,7.404990714626346,29.368083820480763,1.71713094425,-0.45178997520166664,6.8256361449166665,4.69962,-0.160405,8.3985,8.69058,5.33166,10.4143,-11.2762,-6.06904,-17.7953,23.201092042276695,3.775699446079111,17.313284785953382,3.2202819387916666,-0.31634025777583336,7.642646239125,4.69962,-0.179557,8.45356,8.69058,5.33166,10.4143,-11.2762,-6.06904,-17.7953,13.861237432908867,1.9066486951700239,9.324196862643253,3.7160701303055554,-0.26752112528833333,7.916367134972222,4.69722,-0.177163,8.46314,8.69058,5.33166,10.4143,-11.2762,-6.06904,-17.7953,9.734209690439814,1.276712959675795,6.36651004173668
07:47 AM,,5.70141465,-6.029433933333333,-5.2845699,5.69077,-6.03552,-5.28856,5.8009,-5.94934,-5.22392,5.65486,-6.07622,-5.33884,0.0010051481194098522,0.0004837075648035593,0.0003148163235292155,-0.980586076,-1.9464996278,2.4734233165,-5.26702,0.780476,7.69942,8.69058,1.93204,8.17585,-10.0792,-6.07622,-17.7953,30.689183593860605,11.261045321886998,41.84742760094308,1.81405645425,-1.036599265235,5.451767036583333,4.70919,-0.169981,8.074100000000001,8.69058,5.33166,10.4143,-11.2762,-6.07622,-17.7953,23.869907006347987,6.537777758530861,29.828254302889192,3.269879711291667,-0.6087171713591667,6.955263589958333,4.7044,-0.181951,8.44399,8.69058,5.33166,10.4143,-11.2762,-6.07622,-17.7953,14.055582160409891,3.4523206950470633,17.17429867506142,3.7500607641944446,-0.4627022851272222,7.4575085849722225,4.69962,-0.181951,8.45835,8.69058,5.33166,10.4143,-11.2762,-6.07622,-17.7953,9.833267936098183,2.345018282280242,11.954424794975218
07:48 AM,,5.695014366666666,-6.0333286,-5.284290333333334,5.68359,-6.03792,-5.28617,5.79372,-5.96849,-5.22153,5.64529,-6.07143,-5.32208,0.0010090238456750167,0.0004580958778363931,0.00031243029972175896,1.3347133373333333,-3.3103155834666667,-0.09599444016666672,5.67401,-6.00201,-5.26941,8.69058,1.93204,8.17585,-10.0792,-6.07622,-17.7953,29.3915110506696,11.243777684026789,42.06849375918794,1.90915965425,-1.621981570535,4.078730689916666,4.72116,-0.18674,7.97714,8.69058,5.33166,10.4143,-11.2762,-6.07622,-17.7953,24.508402182925252,8.618642366720326,38.57408013161111,3.319096217958333,-0.9013111630175,6.267740690791666,4.71159,-0.18674,8.43441,8.69058,5.33166,10.4143,-11.2762,-6.07622,-17.7953,14.243297060858673,4.828977466927553,24.07832582681806,3.78366688475,-0.6581775292161111,6.99868050275,4.7044,-0.184346,8.45356,8.69058,5.33166,10.4143,-11.2762,-6.07622,-17.7953,9.928886988599146,3.3383584226272345,17.121045205423858
07:49 AM,,5.687744316666667,-6.0381808,-5.289541416666666,5.67641,-6.04271,-5.29096,5.79133,-5.97328,-5.23111,5.6381,-6.07862,-5.33405,0.0010358701324204242,0.00046926390720534387,0.0003213220953185856,3.5501812906666665,-4.6894968998,-2.7426881135,5.6812,-6.02834,-5.28378,8.69058,1.93204,8.17585,-10.0792,-6.07862,-17.7953,19.22593590009639,7.3536931199811155,27.524956876449217,2.00321146425,-2.2074349171683334,2.7051939715833333,4.77144,-0.205893,7.8694,8.69058,5.33166,10.4143,-11.2762,-6.07862,-17.7953,25.12162192527186,10.01943122646786,43.55747518063848,3.367671299625,-1.1941645231258333,5.579926512458333,4.72116,-0.191528,8.42244,8.69058,5.33166,10.4143,-11.2762,-6.07862,-17.7953,14.423728349527522,6.036714494699599,30.042437263396337,3.8170398408611113,-0.8536489219938889,6.53965663775,4.70919,-0.189134,8.44877,8.69058,5.33166,10.4143,-11.2762,-6.07862,-17.7953,10.021348776046052,4.257171596208017,21.870657061963428
07:50 AM,,5.681344366666667,-6.042314266666667,-5.294660583333333,5.67162,-6.04749,-5.296945,5.76978,-5.97328,-5.23589,5.63092,-6.08819,-5.33166,0.0009406744900823587,0.00044902155939454763,0.0002712749694421238,5.698928043333333,-6.029955996666667,-5.288246993333334,5.68598,-6.03792,-5.29096,6.2486,-5.41785,-5.00845,5.39869,-6.08819,-5.60219,0.002513742721111827,0.0013170977492564081,0.0006686328056284972,2.09671344425,-2.793550198235,1.3311146299166667,5.64529,-5.632115,-5.170055,8.69058,5.33166,10.4143,-11.2762,-6.08819,-17.7953,25.713010335896964,10.735974020134737,44.773357678495096,3.4159948229583335,-1.4872004163591666,4.891880327458334,4.73313,-0.196316,8.40568,8.69058,5.33166,10.4143,-11.2762,-6.08819,-17.7953,14.598173426601797,7.074860826395277,35.065677958155035,3.8491798380833333,-1.0491830824216666,6.081073023305556,4.71398,-0.191528,8.44399,8.69058,5.33166,10.4143,-11.2762,-6.08819,-17.7953,10.109056179277717,5.101064757620045,26.20564020075557
07:51 AM,,5.674597016666667,-6.044584483333334,-5.299624433333333,5.66204,-6.04749,-5.30173,5.7602,-5.96849,-5.24068,5.62374,-6.11692,-5.34363,0.0009629171278127397,0.0004693589696825276,0.00028687772755815115,5.688022943333333,-6.037568416666667,-5.290537333333333,5.6788,-6.04271,-5.29335,5.8009,-5.94934,-5.22153,5.62374,-6.11692,-5.34363,0.0010800664207103587,0.0004965324362718133,0.00033599478021562637,2.189394652583333,-3.3799148471016665,-0.04338449008333337,5.66204,-6.010385,-5.273005,8.69058,5.33166,10.4143,-11.2762,-6.11692,-17.7953,26.2814841537929,10.766426275857695,42.21896462552542,3.463587947125,-1.7803568024008334,4.2038313457916665,4.74989,-0.203498,8.38413,8.69058,5.33166,10.4143,-11.2762,-6.11692,-17.7953,14.765462403055105,7.942200548589666,39.14883297153681,3.8812331241944444,-1.2449200696272222,5.622449912194445,4.72116,-0.196316,8.4368,8.69058,5.33166,10.4143,-11.2762,-6.11692,-17.7953,10.194116805219442,5.868933506241433,30.124330459805304
07:52 AM,,5.669505483333333,-6.046951033333333,-5.302756733333333,5.65726,-6.05228,-5.30532,5.75541,-5.98764,-5.24786,5.62134,-6.0858,-5.34123,0.0009527101236391161,0.00043685783265331313,0.0002709832817985506,5.68164111,-6.041071836666666,-5.2941747,5.672815,-6.0451,-5.29575,5.79372,-5.96849,-5.22153,5.62134,-6.11692,-5.34363,0.0010615740435490812,0.00047927113623873646,0.0003367532946082011,2.350527517,-3.9937857322333334,-1.41037569175,5.66683,-6.02595,-5.28378,8.69058,1.93204,8.17585,-10.0792,-6.11692,-17.7953,26.44073210124367,9.821902752944085,36.006803420113506,3.5105360462916666,-2.0737063325091665,3.5158815149583336,4.77144,-0.208287,8.074100000000001,8.69058,5.33166,10.4143,-11.2762,-6.11692,-17.7953,14.926161019326798,8.638292483028213,42.29037366520871,3.912844826972222,-1.4407818294661112,5.163911789972222,4.72595,-0.19871,8.42962,8.69058,5.33166,10.4143,-11.2762,-6.11692,-17.7953,10.276051181429182,6.560772355537308,33.62574430327585
07:53 AM,,5.66664855,-6.048846166666666,-5.30952405,5.65486,-6.05468,-5.3125,5.75781,-5.99004,-5.24308,5.61895,-6.09298,-5.35081,0.0010612633800308816,0.0004550599532276025,0.0003117194658739561,5.675967946666667,-6.04417535,-5.299221443333334,5.66683,-6.04989,-5.30053,5.79133,-5.96849,-5.23111,5.61895,-6.11692,-5.35081,0.0010490021366960514,0.00046912628523924796,0.00033872277120718954,3.505340642,-4.677245466733333,-2.69760794175,5.66923,-6.03552,-5.29096,8.69058,1.93204,8.17585,-10.0792,-6.11692,-17.7953,19.406238535248033,7.489995002288767,27.800430985684223,3.5574508337916666,-2.3671282750925,2.827538449125,4.80256,-0.213075,7.97714,8.69058,5.33166,10.4143,-11.2762,-6.11692,-17.7953,15.082120855815266,9.16305985407997,44.49017813197316,3.9444098341944445,-1.636586655266111,4.705103264972222,4.73553,-0.201104,8.42004,8.69058,5.33166,10.4143,-11.2762,-6.11692,-17.7953,10.355756519373497,7.176791304832596,36.71080964320534
07:54 AM,,5.6676182,-6.0480164,-5.315282116666666,5.65486,-6.05468,-5.31729,5.7602,-5.96849,-5.25026,5.61416,-6.09298,-5.36278,0.0011051983790584287,0.0005205620861836406,0.00030722597631357903,5.671942723333333,-6.04614247,-5.304369583333333,5.66204,-6.05228,-5.30532,5.76978,-5.96849,-5.23589,5.61416,-6.11692,-5.36278,0.0010328439434646073,0.00047126378012581,0.0003422545402398011,4.611062007,-5.3678196849,-4.0235288484166665,5.67401,-6.04031,-5.29575,8.69058,1.93204,8.17585,-10.0792,-6.11692,-17.7953,10.73753736107736,4.136667743226353,15.401181867506015,3.6042291462916665,-2.6605556138008333,2.139036959125,4.84087,-0.222651,7.8694,8.69058,5.33166,10.4143,-11.2762,-6.11692,-17.7953,15.23347123867178,9.515109550552559,45.74819695388419,3.97616691475,-1.8322604772772222,4.246008106083333,4.7475,-0.205893,8.40808,8.69058,5.33166,10.4143,-11.2762,-6.11692,-17.7953,10.433810374649129,7.716231717299673,39.377712358489056
07:55 AM,,5.675434966666667,-6.042158583333333,-5.317548516666666,5.66204,-6.04989,-5.32208,5.82005,-5.93258,-5.23829,5.61656,-6.09298,-5.36039,0.0017299430357250979,0.0007787856916458002,0.0004207901709179198,5.670760843333333,-6.046111333333333,-5.30894717,5.65965,-6.05228,-5.31011,5.82005,-5.93258,-5.23829,5.61416,-6.11692,-5.36278,0.0011738456965543042,0.0005373709938868526,0.00036704562669999976,5.684844443333334,-6.038033665,-5.298597081666666,5.67641,-6.04271,-5.30053,6.2486,-5.41785,-5.00845,5.39869,-6.11692,-5.60219,0.002041867711008622,0.0009923394090526187,0.0006248950807801261,3.651211372125,-2.953709811700833,1.4506094866249999,5.62374,-5.632115,-5.170055,8.69058,5.33166,10.4143,-11.2762,-6.11692,-17.7953,15.381613788926341,9.693033595010133,46.06222085388097,4.00833537975,-2.027630772343889,3.7868183766388888,4.76186,-0.208287,8.3961,8.69058,5.33166,10.4143,-11.2762,-6.11692,-17.7953,10.510950600606366,8.177934428733781,41.624255789659436
07:56 AM,,5.684137266666666,-6.034122516666667,-5.318027416666666,5.66923,-6.04031,-5.32208,5.78654,-5.96609,-5.25744,5.63571,-6.07862,-5.35799,0.0012859627100456278,0.000554283368113245,0.0003915524659362839,5.672668893333333,-6.04401894,-5.312627766666667,5.65965,-6.04989,-5.3149,5.82005,-5.93258,-5.23829,5.61416,-6.09298,-5.36278,0.0012675802162473687,0.0005782431704665572,0.0003735085373913529,5.680345918333334,-6.040793678333333,-5.30158255,5.67162,-6.0451,-5.30293,5.82005,-5.93258,-5.22153,5.61416,-6.11692,-5.36278,0.0012325741859209821,0.0005477022706316371,0.000476709671076012,3.6987384312916665,-3.2462918267675,0.7620267974583333,5.64289,-6.00201,-5.27181,8.69058,5.33166,10.4143,-11.2762,-6.11692,-17.7953,15.527290954792425,9.697857640120723,45.42658180142179,4.040303265305556,-2.2244913979616667,3.3279033094166666,4.77862,-0.210681,8.37935,8.69058,5.33166,10.4143,-11.2762,-6.11692,-17.7953,10.58592373486129,8.553732497127422,43.452199217568925
07:57 AM,,5.1582137333333336,-5.868203666666667,-5.91658415,5.64768,-6.01398,-5.33884,5.90864,-2.46353,-4.64455,3.53369,-6.42576,-9.91875,0.45997439443278354,0.08303701109137451,0.6459696598927653,5.570410543333334,-6.0082694666666665,-5.43539325,5.65965,-6.0451,-5.31969,5.90864,-2.46353,-4.64455,3.53369,-6.42576,-9.91875,0.13543768397072836,0.021980332257067914,0.1872221050688271,5.626025826666667,-6.024670651666667,-5.364783975,5.66683,-6.0451,-5.30772,5.90864,-2.46353,-4.64455,3.53369,-6.42576,-9.91875,0.07133182750896812,0.011496973461068843,0.09875029747092785,3.7200411404583336,-3.5306349584508334,0.04349153079166664,5.64768,-6.00919,-5.28138,8.69058,5.33166,10.4143,-11.2762,-6.42576,-17.7953,15.602702162933246,9.4950968902104,44.214136841079565,4.05526174975,-2.4140349981283333,2.8485810683055557,4.79059,-0.213075,8.074100000000001,8.69058,5.33166,10.4143,-11.2762,-6.42576,-17.7953,10.627620870268983,8.824022154957628,45.213684140670765
07:58 AM,,3.398750316666667,-5.537941533333333,-7.41153555,2.93995,-5.5866299999999995,-7.55817,4.43626,-4.72834,-6.62447,1.89373,-6.7753,-9.2891,0.34311640162711154,0.014510264830700058,0.04452706981338648,5.1168308966666665,-5.90608854,-5.85579555,5.65247,-6.03073,-5.32926,5.90864,-2.46353,-4.64455,1.89373,-6.7753,-9.91875,0.9396375412213032,0.05827022227796106,0.7973747939406777,5.396399421666667,-5.975131945,-5.577508496666667,5.65965,-6.04271,-5.3125,5.90864,-2.46353,-4.64455,1.89373,-6.7753,-9.91875,0.5484364568352548,0.03413256492498781,0.47624686463354554,3.652779537958333,-3.7985567577675,-0.749388903375,5.64768,-6.00919,-5.28856,8.69058,5.33166,10.4143,-11.2762,-6.7753,-17.7953,15.567838868762399,9.063901272027215,42.83621779614921,4.011530619194445,-2.5925847570116667,2.319324294972222,4.7858,-0.217863,7.97714,8.69058,5.33166,10.4143,-11.2762,-6.7753,-17.7953,10.63704351010309,8.951735718282057,47.392219000436455
07:59 AM,,2.85436035,-5.657044216666667,-7.560001416666666,2.84419,-5.66204,-7.55817,3.09078,-5.15689,-7.41692,2.78194,-5.71471,-8.74086,0.0025261533676569294,0.0011509804588177514,0.002526828368106567,4.554179326666667,-5.827894103333334,-6.30473941,5.63331,-5.98525,-5.34602,5.90864,-2.46353,-4.64455,1.89373,-6.7753,-9.91875,1.5866414015015138,0.06065843346588462,1.1188071020960506,5.113061025,-5.9370182866666665,-5.8045544966666665,5.65486,-6.03792,-5.31969,5.90864,-2.46353,-4.64455,1.89373,-6.7753,-9.91875,1.1061056140158687,0.0424698260326366,0.8097080522936956,3.558136244625,-4.0722266019175,-1.5496802625416668,5.64768,-6.00919,-5.29335,8.69058,5.33166,10.4143,-11.2762,-6.7753,-17.7953,15.530763428592216,8.50826908442921,40.2872063666147,3.94946787475,-2.7751157776394444,1.7850995094166666,4.78101,-0.225045,7.8694,8.69058,5.33166,10.4143,-11.2762,-6.7753,-17.7953,10.661224802391267,9.037611033813215,49.100631963870974
08:00 AM,,2.8128344,-5.687229666666667,-7.5472688833333335,2.8011,-5.68838,-7.54859,2.91601,-5.62853,-7.50789,2.75321,-5.73387,-7.5869,0.00090883401733556,0.00038032099488035775,0.0001318658303035611,3.9816592133333333,-5.75690832,-6.750683483333333,2.98544,-5.68598,-7.528245,5.90864,-2.46353,-4.64455,1.89373,-6.7753,-9.91875,1.6137207883711049,0.05031188633422234,1.033721661625775,4.826210028333334,-5.901509826666667,-6.029815326666666,5.64768,-6.02834,-5.32687,5.90864,-2.46353,-4.64455,1.89373,-6.7753,-9.91875,1.520697696661426,0.046333471763397194,1.0366956874189297,3.4614617362916666,-4.347530012450833,-2.3493503483750002,5.64768,-6.00919,-5.29814,8.69058,5.33166,10.4143,-11.2762,-6.7753,-17.7953,15.478412308932873,7.80575896322862,36.45006914070306,3.8860665580833333,-2.9586368864616666,1.2513151094166668,4.77383,-5.314895,-5.14252,8.69058,5.33166,10.4143,-11.2762,-6.7753,-17.7953,10.680647598752723,9.062376789418463,50.230898999614425
08:01 AM,,2.87647365,-5.717718266666667,-7.497331783333333,2.89207,-5.7195,-7.48874,3.04769,-5.57586,-6.54786,2.48986,-5.95891,-7.97235,0.004081418240912355,0.0010946107565898704,0.0027546456851282653,3.42012649,-5.69362747,-7.1865443566666665,2.88249,-5.68359,-7.53662,5.90864,-2.46353,-4.64455,1.89373,-6.7753,-9.91875,0.9633438774447282,0.031346613857918405,0.545051957474811,4.546397691666667,-5.868823205,-6.249586061666666,5.6381,-6.00919,-5.33645,5.90864,-2.46353,-4.64455,1.89373,-6.7753,-9.91875,1.7509236005579814,0.046658429671823286,1.1507044594076408,3.367896172125,-4.624369026050833,-3.146485275875,5.64768,-6.00919,-5.30293,8.69058,5.33166,10.4143,-11.2762,-6.7753,-17.7953,15.404017342869833,6.95488703979666,31.313064312182995,3.824524528638889,-3.1431789366005556,0.7193588766388889,4.76665,-5.62733,-5.26941,8.69058,5.33166,10.4143,-11.2762,-6.7753,-17.7953,10.687509407495034,9.024979076774118,50.76646840689306
08:02 AM,,2.9053743,-5.726839816666667,-7.47544555,2.90165,-5.72908,-7.47677,2.98544,-5.6812,-7.44086,2.86095,-5.7626,-7.51029,0.0003681665467545909,0.00015120645923177392,0.00012535545545659297,2.969558603333333,-5.6653547,-7.498316636666667,2.88249,-5.68838,-7.53662,4.43626,-4.72834,-6.54786,1.89373,-6.7753,-9.2891,0.11708683810278357,0.008115230520816936,0.012852018064476143,4.269984573333334,-5.836812083333333,-6.466854943333334,4.06279,-5.74105,-7.18948,5.90864,-2.46353,-4.64455,1.89373,-6.7753,-9.91875,1.8176308155361074,0.04444780772928128,1.1641109591867278,3.3102560451666667,-4.915298907783334,-3.9386153175416667,5.64768,-6.00919,-5.30772,8.69058,1.93204,8.17585,-10.0792,-6.7753,-17.7953,15.049159539218715,5.7820214522898965,24.976436588590744,3.7636855553055555,-3.328074916117222,0.18830269552777779,4.75947,-5.66683,-5.28138,8.69058,5.33166,10.4143,-11.2762,-6.7753,-17.7953,10.684483670993188,8.920571891214353,50.72758509005073
08:03 AM,,2.9320525833333333,-5.7159227999999995,-7.4598243166666665,2.91601,-5.7219,-7.45762,3.3685,-5.53276,-7.41692,2.82743,-5.95173,-8.31949,0.0029543597891416237,0.0009441768358864752,0.001385941082670843,2.8762190566666668,-5.700950953333333,-7.50797439,2.88968,-5.70753,-7.49114,3.3685,-5.15689,-6.54786,2.48986,-5.95891,-8.74086,0.0038580381256520077,0.0014018074316350315,0.0029317340729855578,3.9965249766666666,-5.803519746666667,-6.68188497,2.93995,-5.72908,-7.45762,5.90864,-2.46353,-4.64455,1.89373,-6.7753,-9.91875,1.7269637220843135,0.04035315240777046,1.0826240467625594,3.7509328093333334,-5.2403826067,-4.689746455875,5.64768,-6.00919,-5.3149,8.69058,1.93204,8.17585,-10.0792,-6.7753,-17.7953,10.626041044553926,4.082010154258069,18.409270560310876,3.7038088814166668,-3.5125920989505555,-0.34226935725,4.7475,-5.69317,-5.28856,8.69058,5.33166,10.4143,-11.2762,-6.7753,-17.7953,10.672902268430292,8.74630696894441,50.11660892932311
08:04 AM,,3.060567766666667,-2.1327512163333333,-8.24405935,3.01178,-5.628525,-7.47198,6.00679,3.43793,-7.20863,1.17071,-5.78414,-10.7256,0.19653947502204897,14.89465750020779,0.7911705609660209,2.91746054,-4.996092353266667,-7.644785976666666,2.90165,-5.70993,-7.48156,6.00679,3.43793,-6.54786,1.17071,-5.95891,-10.7256,0.047611084514880025,5.026012145553376,0.24958525831041628,3.7358199333333335,-5.4119932283,-6.974762693333333,2.93516,-5.71471,-7.46719,6.00679,3.43793,-4.64455,1.17071,-6.7753,-10.7256,1.4868137665451864,2.7159137012168224,1.133088163045787,4.173440970166666,-5.3899064566,-5.499145770875,5.64768,-6.00919,-5.31969,8.69058,3.43793,8.17585,-10.0792,-6.7753,-17.7953,6.303194305955215,3.4264930403387064,10.44407280068548,3.6480927419722224,-3.5777014853005555,-0.8988962583611111,4.73553,-5.69556,-5.29335,8.69058,5.33166,10.4143,-11.2762,-6.7753,-17.7953,10.654763137911232,8.93084068984962,49.334706792619954
08:05 AM,,3.0104632,2.02490095,-9.247769316666666,3.01417,1.98471,-9.25319,3.07163,2.37255,-9.11673,2.90644,1.89852,-9.30347,0.0005299410648681131,0.008558042391917363,0.0007141152287476246,2.9569863,-3.4536662299333334,-7.984886063333334,2.93038,-5.70514,-7.48156,6.00679,3.43793,-6.54786,1.17071,-5.95891,-10.7256,0.04551302028287096,12.414364637856979,0.6461748426494858,3.4693227566666667,-4.605287274966667,-7.367784773333334,2.93516,-5.69556,-7.48395,6.00679,3.43793,-4.64455,1.17071,-6.7753,-10.7256,1.0920110120239714,7.557751472617339,1.2206857191264364,4.5770836,-5.321660469983334,-6.3331909275000005,5.64768,-6.00919,-5.32687,6.2486,3.43793,-4.64455,1.17071,-6.7753,-10.7256,1.774217206250611,4.292290256088588,1.681078046892539,3.590581833638889,-3.5042356327894444,-1.4888552666944443,4.72356,-5.69556,-5.29814,8.69058,5.33166,10.4143,-11.2762,-6.7753,-17.7953,10.625439846002132,9.58700448132832,48.39601038674491
08:06 AM,,3.011991516666667,2.00016585,-9.261359566666666,3.01417,1.97034,-9.26516,3.06684,2.21215,-9.1287,2.93277,1.89134,-9.32262,0.0005009491007008901,0.005883547299777129,0.0006196257280255891,2.984089873333333,-1.9100894066,-8.33769162,2.98544,-5.61057,-7.49592,6.00679,3.43793,-7.20863,1.17071,-5.95173,-10.7256,0.04337145981372186,14.957209580517217,0.7996630380014427,3.2021081816666666,-3.8018584383,-7.762117988333333,2.93516,-5.67641,-7.53662,6.00679,3.43793,-4.64455,1.17071,-6.7753,-10.7256,0.5508136677861747,11.072415476367055,1.0035856483168892,4.44122705,-4.921326058316667,-6.531850269166667,5.6381,-5.99722,-5.33645,6.00679,3.43793,-4.64455,1.17071,-6.7753,-10.7256,1.8115436489629777,6.789332372350766,2.015674140799436,3.53319501475,-3.4314806972783334,-2.0793547978055558,4.71159,-5.69556,-5.30293,8.69058,5.33166,10.4143,-11.2762,-6.7753,-17.7953,10.589636189731314,10.224047519636276,46.76583380499306
08:07 AM,,2.1147072,2.461029595,-6.90848319,3.03093,1.93443,-9.27234,9.08082,13.8714,9.5357,-8.41286,-1.06059,-10.1079,6.344394973841228,2.3049207757651162,31.956787597463656,2.8259564533333332,-0.27251552426666664,-8.224299148,3.00699,1.94161,-9.23643,9.08082,13.8714,9.5357,-8.41286,-5.95173,-10.7256,1.4354460102408348,13.643128517414894,7.429529058520172,2.8977575283333334,-2.9689351121333334,-7.8613078923333335,2.92798,-5.65486,-7.55099,9.08082,13.8714,9.5357,-8.41286,-6.7753,-10.7256,0.7812932786146767,14.096374656283626,3.852354852278737,4.2618916775,-4.4968028819,-6.613045933666666,4.08433,-5.74344,-7.16793,9.08082,13.8714,9.5357,-8.41286,-6.7753,-10.7256,2.2872940857327886,9.387922407662275,3.5336757065422413,3.4459466030833332,-3.343401676345,-2.59144161025,4.70201,-5.69556,-5.30772,9.08082,13.8714,10.4143,-11.2762,-6.7753,-17.7953,10.812178620285728,11.098274682931967,44.64576478661498
08:08 AM,,-3.9654415166666666,5.62728145,6.90774485,-3.901185,5.65726,6.88543,-3.48102,6.2055,7.23497,-4.84566,5.20956,6.25578,0.04184013801823011,0.026334487145640236,0.008311177473767112,1.4464576333333334,1.9961253257333333,-5.350785314666666,3.00459,2.00147,-9.23643,9.08082,13.8714,9.5357,-8.41286,-5.78414,-10.7256,8.765002394664487,9.535481907826728,44.86517535372644,2.161338345,-1.8524128138,-6.429379852333334,2.91122,-5.65247,-7.54141,9.08082,13.8714,9.5357,-8.41286,-5.95891,-10.7256,4.894838978065655,19.58136174874412,23.59387401507196,3.7788688833333333,-3.9137723794,-6.0034441745,3.06205,-5.72908,-7.16793,9.08082,13.8714,9.5357,-8.41286,-6.7753,-10.7256,5.338033989770951,14.056487164929447,12.215493755910446,3.1556324736388888,-3.149842109778333,-2.6427192196944445,4.68525,-5.69556,-5.30772,9.08082,13.8714,10.4143,-11.2762,-6.7753,-17.7953,12.504040499133719,13.410536446265683,43.5902336948389
08:09 AM,,-3.6890506666666667,5.531709116666667,7.118505783333333,-3.68931,5.524385,7.12005,-3.61988,5.62613,7.16793,-3.7324,5.46812,7.05062,0.0003383789528102391,0.0008619802945439617,0.0004084887830247627,0.09653394666666666,3.5290173923333334,-2.278272288,2.98544,2.11638,-9.22686,9.08082,13.8714,9.5357,-8.41286,-1.06059,-10.1079,11.658116782822898,3.3003972015531655,64.69599767034201,1.5069972433333334,-0.7335374804666667,-4.961529132333333,2.90883,1.9081,-7.48874,9.08082,13.8714,9.5357,-8.41286,-5.95891,-10.7256,7.8416266280394735,22.33491346787109,39.668445900816586,3.3100291341666668,-3.3352778835666665,-5.3830418145,3.02614,-5.71471,-7.16793,9.08082,13.8714,9.5357,-8.41286,-6.7753,-10.7256,7.724688200052863,17.95737643817017,20.415077994785953,2.8744232441944444,-2.9593302281005553,-2.686963219138889,4.052015,-5.69556,-5.30772,9.08082,13.8714,10.4143,-11.2762,-6.7753,-17.7953,13.902118636133446,15.593380012034075,42.66570626108135
08:10 AM,,-3.6821995,5.512093416666667,7.127012766666667,-3.68452,5.50164,7.13202,-3.47144,5.62134,7.25651,-3.74198,5.43939,7.01231,0.00045916162078464106,0.0011660272482401206,0.0005913630287267668,-1.2419985933333333,4.226455885666667,0.9966841286666667,-3.67734,5.49446,6.88782,9.08082,13.8714,9.5357,-8.41286,-1.06059,-10.1079,11.02379040126631,3.146494358836479,61.946816861538835,0.8574938533333334,0.3863948278666667,-3.4941009673333334,2.90883,1.96316,-7.47198,9.08082,13.8714,9.5357,-8.41286,-5.95891,-10.7256,9.942332415884033,22.527659559405905,51.46179143050428,2.841851940833333,-2.7575574994,-4.761958147,3.00699,-5.69556,-7.16793,9.08082,13.8714,9.5357,-8.41286,-6.7753,-10.7256,9.66904257673807,21.171315861946038,27.854651734045262,2.593472441972222,-2.7695550656783334,-2.730933888027778,3.05726,-5.69556,-5.30772,9.08082,13.8714,10.4143,-11.2762,-6.7753,-17.7953,15.139291982870596,17.692366746583506,41.74262360849564
08:11 AM,,-3.6799731166666665,5.495558333333333,7.137930083333333,-3.68212,5.48727,7.1392,-3.61269,5.61177,7.26609,-3.76113,5.40109,7.04104,0.0004940236772484694,0.001239952535447971,0.0006671318475723435,-2.58039152,4.925534382333334,4.276542058666666,-3.68691,5.50643,7.10808,9.08082,13.8714,9.5357,-8.41286,-1.06059,-10.1079,6.80054322736968,1.9873207920108331,37.6787572368036,0.20184917666666666,1.5077224878666666,-2.0305747806666665,2.90404,2.0685,-7.45762,9.08082,13.8714,9.5357,-8.41286,-5.95173,-10.7256,11.16354057542796,20.15423828354035,59.02235695185079,2.3741234341666666,-2.180550358566667,-4.140080421166667,2.97826,-5.67641,-7.16793,9.08082,13.8714,9.5357,-8.41286,-6.7753,-10.7256,11.17586265433001,23.704096879690738,34.53440819849613,2.312547173638889,-2.5803385214116665,-2.7745151108055555,3.02375,-5.69556,-5.30772,9.08082,13.8714,10.4143,-11.2762,-6.7753,-17.7953,16.217473099555,19.710381154159386,40.82346813541314
08:12 AM,,-3.2432494166666666,5.8661447,7.057008966666666,-3.11233,5.99961,7.02429,-1.25451,6.46646,7.49353,-4.43387,5.20716,6.53589,0.0753988858592585,0.07190960656084475,0.009790619268379522,-3.6519828433333332,5.606557403333333,7.06964049,-3.68691,5.52558,7.11526,-1.25451,6.46646,7.49353,-4.84566,5.20716,6.25578,0.07737037340021553,0.03921395573140113,0.011293454414197964,-0.413013195,2.6670209395333333,-0.577329329,-3.06445,5.37475,6.829165,9.08082,13.8714,9.5357,-8.41286,-5.95173,-10.7256,11.248955264458552,15.48234585914729,62.205686146436335,1.9284856891666666,-1.5848955719,-3.5220921361666666,2.92798,-5.64768,-7.16793,9.08082,13.8714,9.5357,-8.41286,-6.7753,-10.7256,12.015822500919485,25.843050541710596,40.354608610909075,2.0691662984444443,-2.3878589586777776,-2.8181866546944443,3.00699,-5.69556,-5.30772,9.08082,13.8714,9.5357,-10.0792,-6.7753,-17.7953,16.86250809943093,21.791397593371855,39.89428011589744
08:13 AM,,-3.0921061,6.028719766666667,7.007331016666667,-3.09796,6.01876,7.01231,-2.83701,6.17199,7.18948,-3.16979,5.95412,6.78248,0.0011282673006243742,0.0015351572193110748,0.0009097772655756801,-3.47731576,5.686845066666667,7.089557723333333,-3.67015,5.53516,7.11287,-1.25451,6.46646,7.49353,-4.43387,5.20716,6.53589,0.08177557384777166,0.06338261850783151,0.004951285709286551,-1.0154290633333334,3.8414851962,0.8693862043333334,-3.10754,5.48488,6.96683,9.08082,13.8714,9.5357,-8.41286,-5.78414,-10.7256,10.484548053161216,8.204552929429882,61.12830674218042,1.4905479566666666,-0.9810172752333334,-2.9062493828333333,2.90404,-5.43939,-7.16793,9.08082,13.8714,9.5357,-8.41286,-6.7753,-10.7256,12.385691227345188,27.38057776720655,45.35948519441799,2.1621455184444445,-2.2130933390666665,-2.8367022358055554,3.00699,-5.69556,-5.30772,9.08082,13.8714,9.5357,-10.0792,-6.7753,-17.7953,15.627062185085764,23.78579054514135,39.51427153367912
08:14 AM,,-3.068655683333333,6.0319358,7.015323333333333,-3.07163,6.02355,7.01471,-2.81307,6.13608,7.25651,-3.15542,5.63571,6.91176,0.0011526003978628268,0.0016881887352520849,0.0009958743715080681,-3.3532367633333333,5.7868904033333335,7.0689212333333336,-3.12669,5.98764,7.04344,-1.25451,6.46646,7.49353,-4.43387,5.20716,6.53589,0.09097989493486895,0.07254566000160453,0.005577461933856841,-1.6283514083333333,4.657953897833333,2.3953244726666667,-3.11113,5.51361,7.00992,9.08082,13.8714,9.5357,-8.41286,-1.06059,-10.1079,8.849294526413802,2.9609003904827578,54.19154257535908,1.0537342625,-0.37701966523333336,-2.2897191103333334,2.88728,1.9081,-7.16793,9.08082,13.8714,9.5357,-8.41286,-6.7753,-10.7256,12.361806500352936,28.19124202895814,49.61147264730432,2.2395101773333335,-2.040619671788889,-2.8676556896944443,3.00699,-5.69556,-5.30772,9.08082,13.8714,9.5357,-10.0792,-6.7753,-17.7953,14.632042088671358,25.70781278083798,38.87461165340649
08:15 AM,,-3.0604121833333333,6.029885083333333,7.020211583333333,-3.06445,6.01876,7.02429,-2.9615,6.13129,7.07456,-3.13627,5.95891,6.9381,0.0006907944224371169,0.0011923491188578178,0.0005450998644337778,-3.2288793,5.8904487366666665,7.047560996666666,-3.09557,6.00679,7.02668,-1.25451,6.46646,7.49353,-4.43387,5.20716,6.53589,0.07106067636543181,0.058528520944752256,0.004911343723814594,-2.2354389466666666,5.058452311166667,4.022122562666667,-3.11233,5.55431,7.02189,9.08082,13.8714,9.5357,-8.41286,-1.06059,-10.1079,6.533589064111342,2.294577751080609,40.12550411654091,0.616941905,0.22658251810000002,-1.6728311053333333,2.84898,1.96316,-7.16793,9.08082,13.8714,9.5357,-8.41286,-6.7753,-10.7256,11.949236864087979,28.274665503689086,53.106572230366545,2.306242751111111,-1.8616228762666667,-2.881419764111111,3.00699,-5.69556,-5.30772,9.08082,13.8714,9.5357,-8.41286,-6.7753,-10.7256,13.674408958762807,27.571272187850095,38.32514165221976
08:16 AM,,-3.0371215666666664,6.039976,7.020343166666667,-3.04051,6.02834,7.02668,-2.87292,6.17917,7.13441,-3.22246,5.91103,6.88543,0.0014713051771741788,0.0016728339035058425,0.0007282215251808559,-3.10030899,5.99933227,7.024043613333333,-3.07402,6.01876,7.0195,-1.25451,6.46646,7.49353,-4.43387,5.20716,6.53589,0.021365996769869857,0.020030490783741684,0.0028846461003772805,-2.840350255,5.462433326166667,5.650292836,-3.11233,5.778155,7.02668,9.08082,13.8714,9.5357,-8.41286,-1.06059,-10.1079,3.477975833740842,1.291816861549762,20.725186063706058,0.18087896333333334,0.8302874439333333,-1.0559125761666666,2.80349,2.0685,-7.16793,9.08082,13.8714,9.5357,-8.41286,-6.7753,-10.7256,11.142813575814076,27.640164637607942,55.84041952350259,2.014034615,-1.4600729301555555,-2.471135900777778,2.97826,-5.67641,-5.30532,9.08082,13.8714,9.5357,-8.41286,-6.7753,-10.7256,14.15003952804502,28.91853126882919,41.232007764357135
08:17 AM,,-3.0239778833333335,6.040031716666666,7.028168083333333,-3.03093,6.03073,7.03147,-2.87292,6.16002,7.11526,-3.09318,5.95412,6.92613,0.0008904171275656646,0.001348318585195046,0.0007165905888077357,-3.0564546833333335,6.034109673333333,7.018275436666666,-3.05966,6.02595,7.02189,-2.81307,6.17917,7.25651,-3.22246,5.63571,6.78248,0.0016382575073355004,0.0015096154415071238,0.0008249659650643428,-3.3542187633333334,5.820333538333333,7.043957963333333,-3.10754,5.99482,7.03386,-1.25451,6.46646,7.49353,-4.84566,5.20716,6.25578,0.1281759573464284,0.06606624526100704,0.006717902279265199,-0.22823061749999998,1.4256992131,-0.4086749645,-2.96868,5.37475,6.82797,9.08082,13.8714,9.5357,-8.41286,-6.7753,-10.7256,10.227312992850814,26.395050687440175,57.47574199007427,1.7231881972222223,-1.057757408488889,-2.0607113013333334,2.92798,-5.64768,-5.30532,9.08082,13.8714,9.5357,-8.41286,-6.7753,-10.7256,14.45828780991783,29.935842437339893,43.807761390592056
08:18 AM,,-3.0234670833333332,6.035143916666667,7.028491233333333,-3.02853,6.02355,7.03386,-2.91362,6.16002,7.10329,-3.09078,5.95891,6.94767,0.0007064471826307732,0.001308546645902891,0.0006342582929671685,-3.04272688,6.035394503333333,7.02250748,-3.0429,6.02595,7.02668,-2.81307,6.17917,7.25651,-3.22246,5.63571,6.88543,0.0013289100389452483,0.001457104284914959,0.000748934910219673,-3.26002132,5.861119785,7.056032601666667,-3.0836,6.00679,7.03626,-1.25451,6.46646,7.49353,-4.43387,5.20716,6.53589,0.08877005986093442,0.0627911974256414,0.003973756348472743,-0.5493414875,2.0043534856,0.3133263746666667,-3.01896,5.48488,6.95486,9.08082,13.8714,9.5357,-8.41286,-5.95891,-10.7256,9.839994372063368,24.697143843847257,57.26581681342163,1.432572148888889,-0.6554749912666666,-1.650285249111111,2.90404,-5.43939,-5.30532,9.08082,13.8714,9.5357,-8.41286,-6.7753,-10.7256,14.599005645352257,30.62584261280843,46.04685164789433
08:19 AM,,-3.0235708333333333,6.037653833333334,7.033195766666666,-3.02853,6.03073,7.03626,-2.92559,6.14326,7.11526,-3.11472,5.96609,6.90458,0.0006367292473845295,0.0009604214700890353,0.0005599870057551485,-3.03370991,6.03653811,7.026081966666666,-3.03572,6.02834,7.02907,-2.87292,6.17917,7.13441,-3.22246,5.91103,6.88543,0.001083450454376692,0.0013090646268701885,0.0006616221753906861,-3.1934733366666666,5.9117142566666665,7.0475016,-3.06684,6.01398,7.03147,-1.25451,6.46646,7.49353,-4.43387,5.20716,6.53589,0.0715526067384564,0.05250479835417316,0.0035778992159426573,-0.8432380466666667,2.5890883881,1.0429862338333333,-3.02853,5.51361,6.99077,9.08082,13.8714,9.5357,-8.41286,-5.95891,-10.7256,9.48032613132506,22.233538972306533,55.89156831125716,1.1421949772222222,-0.25294717015555557,-1.239527343,2.88728,1.9081,-5.30532,9.08082,13.8714,9.5357,-8.41286,-6.7753,-10.7256,14.57302935456411,30.991332336967538,47.95019851080118
08:20 AM,,-3.000863333333333,6.0391219666666665,7.041962233333333,-3.00938,6.02355,7.04583,-2.87052,6.23423,7.15357,-3.09318,5.923,6.92134,0.0012148452670005555,0.0022097750538887023,0.0010745342243861987,-3.02180014,6.038385486666667,7.030432096666667,-3.02614,6.02834,7.03386,-2.87052,6.23423,7.15357,-3.22246,5.91103,6.88543,0.001119432551764321,0.00150134467498815,0.0007919966902007229,-3.12533972,5.964417111666667,7.038996546666667,-3.05008,6.01876,7.03147,-1.25451,6.46646,7.49353,-4.43387,5.20716,6.53589,0.04680627011204028,0.035482162026078554,0.002924556880221193,-1.1339229333333334,3.1754059697666666,1.7724477896666666,-3.03093,5.55431,7.00753,9.08082,13.8714,9.5357,-8.41286,-5.95891,-10.7256,8.960224418360193,19.05986207038741,53.46906083228756,0.8527880538888889,0.14976737095555556,-0.8283065824444444,2.84898,1.96316,-5.30053,9.08082,13.8714,9.5357,-8.41286,-6.7753,-10.7256,14.37463958893037,31.031659591191236,49.51917535982148
08:21 AM,,-3.01144085,6.029801216666667,7.041802766666667,-3.01656,6.01637,7.04583,-2.9208,6.14086,7.10329,-3.07881,5.95412,6.96204,0.0007943009456869776,0.0013383503309045617,0.0005922499509304398,-3.016663996666667,6.03635053,7.034724016666667,-3.02375,6.02595,7.03865,-2.87052,6.23423,7.15357,-3.11472,5.923,6.90458,0.0009323287921240296,0.001444631493717004,0.0007519148868620102,-3.058486493333333,6.0178414,7.029383815,-3.04051,6.02355,7.02907,-1.25451,6.46646,7.49353,-4.43387,5.20716,6.53589,0.012896717073682236,0.01107841624774796,0.0018464999039464326,-1.4283186583333334,3.762781943933333,2.4994045171666666,-3.03332,5.778155,7.01471,9.08082,13.8714,9.5357,-8.41286,-5.95173,-10.7256,8.245421565208801,15.167535018482965,50.03206481978995,0.5632534583333334,0.5522468942888888,-0.4169256757777778,2.80349,2.0685,-5.29335,9.08082,13.8714,9.5357,-8.41286,-6.7753,-10.7256,14.013531079088672,30.7431761534649,50.748217479787975
08:22 AM,,-3.0226972,6.09381155,6.983270733333334,-3.02135,6.09298,6.98598,-2.56169,6.63165,7.36664,-3.37329,5.4777,6.63165,0.003699737004500835,0.004991723928311351,0.0036253791954546483,-3.01640786,6.047106496666666,7.025744546666667,-3.02135,6.03313,7.03386,-2.56169,6.63165,7.36664,-3.37329,5.4777,6.63165,0.0014899579187933306,0.002714474092657539,0.0017733046145326674,-3.036431271666667,6.040608085,7.022009991666667,-3.03332,6.02834,7.02668,-2.56169,6.63165,7.36664,-3.37329,5.4777,6.63165,0.0019648508337384864,0.0021539290945318617,0.00131286795707611,-1.7247222333333334,4.353814512266666,3.222340331333333,-3.03572,5.99004,7.0171,9.08082,13.8714,9.5357,-8.41286,-5.95173,-10.7256,7.3457152251506574,10.587114335681013,45.539600084943544,0.2735133688888889,0.9569389804,-0.007391426888888888,-2.93516,5.37475,6.82558,9.08082,13.8714,9.5357,-8.41286,-6.7753,-10.7256,13.489151788464167,30.151503358864638,51.610377429073296
08:23 AM,,1.0477297033333333,6.367775813333333,6.810408783333333,2.8011,6.49758,6.78009,10.649,17.1417,18.1521,-4.39078,-5.18322,-2.34861,7.700345497885578,0.8358744277141955,0.6017148986016893,-2.202168502666667,6.113632876,6.982128056666666,-3.01417,6.05468,7.02429,10.649,17.1417,18.1521,-4.39078,-5.18322,-2.34861,4.1806914180445105,0.1855217797668909,0.12920153967781606,-2.6224476913333334,6.0745136896666665,7.0023177683333335,-3.02853,6.03313,7.02668,10.649,17.1417,18.1521,-4.39078,-5.18322,-2.34861,2.2673256446874737,0.09500442368855778,0.0653720986885511,-1.8189383773333334,4.957999442933334,3.935851986333333,-3.03572,6.00201,7.0171,10.649,17.1417,18.1521,-8.41286,-5.78414,-10.7256,7.021086501009359,5.396140788337324,39.998285529835435,0.11954940733333334,1.3708263797333333,0.39660633422222225,-2.9615,5.48488,6.86867,10.649,17.1417,18.1521,-8.41286,-6.7753,-10.7256,12.772072247417235,29.347827821160617,52.079528975196986
08:24 AM,,2.807750866666667,6.518699533333334,6.768691483333333,2.8011,6.51913,6.77051,2.93277,6.57659,6.81121,2.73885,6.4497,6.71305,0.0012225416900656665,0.00028322270462326183,0.00020739625505815216,-1.0359041626666667,6.209842016,6.9292272,-2.99502,6.09059,6.99077,10.649,17.1417,18.1521,-4.39078,-5.18322,-2.34861,7.706729280139964,0.2077990292687453,0.13492399787425144,-2.0348070363333335,6.123190063,6.977654583333333,-3.02135,6.0451,7.02189,10.649,17.1417,18.1521,-4.39078,-5.18322,-2.34861,4.851237220398329,0.11204643096269981,0.07012711172994805,-1.8315792223333334,5.3905719804166665,4.686489528,-3.03572,6.00919,7.0171,10.649,17.1417,18.1521,-8.41286,-5.18322,-10.1079,6.890999956806784,2.0731193466945794,32.378448552563896,0.024220496222222235,1.7897169108444444,0.7994054542222222,-2.9615,5.51361,6.86867,10.649,17.1417,18.1521,-8.41286,-6.7753,-10.7256,11.977789749502795,28.221000371625703,52.18321093119242
08:25 AM,,2.797376566666667,6.522302816666667,6.76570675,2.79152,6.52392,6.76572,2.93038,6.57898,6.80642,2.7197,6.44731,6.70826,0.0011723888506299392,0.0002708362399663341,0.00022525389910267048,0.12374381733333334,6.306478186,6.873976103333334,2.7604,6.4904,6.78966,10.649,17.1417,18.1521,-4.39078,-5.18322,-2.34861,8.528806712799886,0.21177194611402075,0.13450755237010603,-1.4490281613333333,6.172431836333334,6.9522041,-3.01178,6.06186,7.01471,10.649,17.1417,18.1521,-4.39078,-5.18322,-2.34861,6.738276161224199,0.12459028875312339,0.0737591372573329,-1.8422335539999999,5.61544207375,5.487163331333333,-3.03572,6.01398,7.0171,10.649,17.1417,18.1521,-8.41286,-5.18322,-10.1079,6.790002938299332,1.5197466637581647,22.244479848804122,-0.07171478377777776,2.2085322908444445,1.2021806297777777,-2.9615,5.55431,6.86867,10.649,17.1417,18.1521,-8.41286,-6.7753,-10.7256,11.160327856176291,26.747465135926358,51.96028503969846
08:26 AM,,2.7929154,6.5234199833333335,6.76588255,2.785535,6.52392,6.76572,2.92798,6.57419,6.81121,2.70533,6.44491,6.72023,0.0014626426268848074,0.00029081242454062444,0.0002502795916502497,1.2846150673333334,6.405201939333334,6.81879206,2.78434,6.51195,6.7753,10.649,17.1417,18.1521,-4.39078,-5.18322,-2.34861,6.639707207330497,0.19591384181921206,0.12809554178221716,-0.8660244646666667,6.220776234666666,6.926758038333333,-2.99502,6.08341,6.99795,10.649,17.1417,18.1521,-4.39078,-5.18322,-2.34861,7.945787689354694,0.1326812976689871,0.0760715848333741,-1.8531873598333333,5.841604780416667,6.288525437166666,-3.03572,6.02116,7.0171,10.649,17.1417,18.1521,-8.41286,-5.18322,-10.1079,6.685977527641983,0.8559726942053499,10.807136834060477,-0.168088846,2.6271170408444444,1.6049776286666666,-2.9615,5.77217,6.86867,10.649,17.1417,18.1521,-8.41286,-6.7753,-10.7256,10.320208211281988,24.92803868011894,51.412726699168296
08:27 AM,,2.7931589833333335,6.52455325,6.765750983333334,2.78673,6.52631,6.76572,2.92798,6.57419,6.80882,2.71491,6.45449,6.71784,0.0011840856816023929,0.0002476333852462456,0.0001975018753252642,2.447786304,6.491350279333333,6.77528811,2.79391,6.51913,6.76812,10.649,17.1417,18.1521,-4.39078,-5.18322,-2.34861,2.029253927683892,0.170992913771079,0.12066806381886752,-0.284310778,6.269228388,6.9005163283333335,-2.95911,6.12889,6.95964,10.649,17.1417,18.1521,-4.39078,-5.18322,-2.34861,8.480801417862967,0.13618557490587244,0.07689519985554479,-1.8192647706666667,6.044780963166667,6.972237145833334,-3.03572,6.03073,7.0171,10.649,17.1417,18.1521,-4.84566,-5.18322,-2.34861,6.660410066598988,0.15149832714000233,0.04694737125269979,-0.24692400433333334,3.040208938066667,2.0277221331111113,-2.9615,5.99004,6.86867,10.649,17.1417,18.1521,-8.41286,-6.7753,-10.7256,9.645337865691632,22.855174728311844,50.214447017265236
08:28 AM,,2.7878040833333335,6.524704983333334,6.7645658,2.78314,6.52631,6.76572,2.93038,6.5718,6.80642,2.69815,6.44252,6.70826,0.0011998695868043966,0.0002573142210347812,0.00022012342139565849,2.7958011799999998,6.522736113333333,6.766119513333333,2.78912,6.52392,6.76572,2.93277,6.57898,6.81121,2.69815,6.44252,6.70826,0.0012915635667298435,0.00027443089979375474,0.00022169633447464656,0.2968163386666667,6.318184494666666,6.874123785,2.7604,6.50237,6.78248,10.649,17.1417,18.1521,-4.39078,-5.18322,-2.34861,8.336609165716757,0.13473095915724417,0.0763676981147429,-1.4816024906666667,6.089652139833333,6.9650781933333334,-3.02853,6.04271,7.0171,10.649,17.1417,18.1521,-4.43387,-5.18322,-2.34861,7.375375645017809,0.15098423733717423,0.04844077323677236,-0.2672888787777778,3.442297155288889,2.5002588447777776,-2.9615,6.00201,6.86867,10.649,17.1417,18.1521,-8.41286,-5.95891,-10.7256,9.497491145211153,20.644804261650542,47.76748243807893
08:29 AM,,2.7917262833333334,6.53290485,6.752343766666667,2.78194,6.5335,6.75375,3.17218,6.59335,6.80403,2.70294,6.41379,6.63165,0.003121158608367,0.00037693950782387374,0.0004152277403795208,2.7925962633333334,6.525577176666666,6.76284997,2.78673,6.52631,6.76333,3.17218,6.59335,6.81121,2.69815,6.41379,6.63165,0.0016352591067062242,0.00030250258332323126,0.000289157161019439,0.8783460503333334,6.367709596333333,6.846038585,2.77237,6.51195,6.7753,10.649,17.1417,18.1521,-4.39078,-5.18322,-2.34861,7.5185045042547145,0.12895974854911857,0.07451680712526866,-1.1575636431666667,6.1397119265,6.9467700925,-3.02135,6.05946,7.00753,10.649,17.1417,18.1521,-4.43387,-5.18322,-2.34861,7.939985996324294,0.14271198152062697,0.04919178119673284,-0.269376681,3.8486287908444443,2.9773370175555556,-2.9615,6.00919,6.86867,10.649,17.1417,18.1521,-8.41286,-5.95891,-10.7256,9.484601865824027,18.037989699510817,44.7686883079195
08:30 AM,,2.78718955,6.543801883333334,6.7485051333333335,2.78194,6.54547,6.74896,2.91122,6.60053,6.79685,2.69336,6.46407,6.69629,0.0012532079545550924,0.00027090558392626454,0.00022504701734446164,2.79055886,6.52987699,6.759409646666667,2.78434,6.5311,6.76093,3.17218,6.60053,6.81121,2.69336,6.41379,6.63165,0.0016485256474495498,0.000348327009042915,0.0003168118766340325,1.4571513386666666,6.418177588,6.816692875,2.77955,6.51913,6.77051,10.649,17.1417,18.1521,-4.39078,-5.18322,-2.34861,6.042788626069909,0.11852129313869204,0.0706828601209712,-0.8340941906666667,6.1912973498333335,6.927844710833333,-3.00938,6.07622,6.99556,10.649,17.1417,18.1521,-4.43387,-5.18322,-2.34861,8.294787289813764,0.12847424261856982,0.04915640152509347,-0.27023150933333334,4.256329842511112,3.4538628181111113,-2.9615,6.01398,6.86867,10.649,17.1417,18.1521,-8.41286,-5.95891,-10.7256,9.479364703360112,15.082647107739103,41.323235809107295
08:31 AM,,2.7839614333333333,6.5467427,6.7445228833333335,2.77955,6.54786,6.74418,2.90644,6.59574,6.78727,2.70533,6.48801,6.69629,0.001084794697441291,0.00022939065847412229,0.00023493753107150847,2.7887680666666665,6.534541533333333,6.755137713333333,2.78194,6.53589,6.75615,3.17218,6.60053,6.80882,2.69336,6.41379,6.63165,0.0015774459284383683,0.0003628618579348674,0.00033144749166837736,2.036691567,6.469871736333333,6.7869648866666665,2.78434,6.52392,6.76572,10.649,17.1417,18.1521,-4.39078,-5.18322,-2.34861,3.8858021408949392,0.10230487251073361,0.06521592842252424,-0.5108974631666666,6.243856568166667,6.908174350833334,-2.99262,6.09538,6.98119,10.649,17.1417,18.1521,-4.43387,-5.18322,-2.34861,8.439937732182699,0.10777403318268274,0.048221378279301855,-0.2733152498888889,4.665145208066667,3.928591307,-2.9615,6.02116,6.86867,10.649,17.1417,18.1521,-8.41286,-5.95173,-10.7256,9.460132443515048,11.77411635054359,37.46089626177533
08:32 AM,,2.7837101833333335,6.54698585,6.741965433333333,2.77715,6.54786,6.74418,2.90404,6.59574,6.79206,2.70773,6.4928,6.6939,0.001241503139699222,0.0002181693154699484,0.00022798723487034027,2.7868783066666665,6.539028053333333,6.750380603333333,2.78194,6.54068,6.75136,3.17218,6.60053,6.80642,2.69336,6.41379,6.63165,0.001586602547181683,0.00034786404702616375,0.0003270763412497382,2.6173323053333335,6.515189166333333,6.762834356666667,2.78673,6.52871,6.76093,10.649,17.1417,18.1521,-4.39078,-5.18322,-2.34861,1.0440016385350437,0.0862244953953809,0.060642607296668906,-0.20954948316666666,6.2778986256666665,6.892422174166667,-2.95432,6.13608,6.95007,10.649,17.1417,18.1521,-4.39078,-5.18322,-2.34861,8.514866299154832,0.10049702281802937,0.047769557911507284,-0.27737072044444444,5.074272730288889,4.402505006444445,-2.9615,6.03073,6.86867,10.649,17.1417,18.1521,-8.41286,-5.95173,-10.7256,9.43485489655968,8.12479622438361,33.16483405711953
08:33 AM,,2.78203445,6.5490171833333335,6.742232616666667,2.77715,6.55025,6.74178,2.92319,6.59814,6.78727,2.70294,6.47125,6.68672,0.0012403367496135233,0.00024767004631023794,0.00022990066042042392,2.78572438,6.5438904933333335,6.7459139666666665,2.77955,6.54547,6.74657,3.17218,6.60053,6.80403,2.69336,6.41379,6.63165,0.0015978758787085032,0.00030120602816600977,0.00028209667008891856,2.79076278,6.533313303333333,6.75601674,2.78434,6.5335,6.75615,3.17218,6.60053,6.81121,2.69336,6.41379,6.63165,0.0014698686021386235,0.00039966608380195606,0.00035393755539829894,0.08415754433333333,6.3039134965,6.879167254166667,2.74364,6.49998,6.78488,10.649,17.1417,18.1521,-4.39078,-5.18322,-2.34861,8.460625644227264,0.10032672648107624,0.048027592391167995,-0.2823713248888889,5.4831040630666665,4.875906904222222,-2.9615,6.04271,6.86867,10.649,17.1417,18.1521,-8.41286,-5.78414,-10.7256,9.403423173900585,4.14896082844434,28.43240559448777
08:34 AM,,2.7798676833333333,6.548653766666667,6.74225255,2.773565,6.55025,6.74178,2.92319,6.61011,6.79445,2.69576,6.48322,6.69869,0.001298901642871174,0.00024543780749137204,0.00022429758096577677,2.78335266,6.547040276666666,6.743895723333333,2.77715,6.54786,6.74418,2.92319,6.61011,6.79685,2.69336,6.46407,6.68672,0.0012279391470400804,0.0002454106711805141,0.00023429777126721157,2.787974461666667,6.536308726666666,6.753372846666666,2.78194,6.53828,6.75375,3.17218,6.61011,6.81121,2.69336,6.41379,6.63165,0.001452725098659974,0.0003890963231658162,0.0003515146761091731,0.3765837126666667,6.329749394833334,6.865513715,2.75561,6.51195,6.7753,10.649,17.1417,18.1521,-4.39078,-5.18322,-2.34861,8.241432712341846,0.09888339186574759,0.04781299875127805,-0.29172799433333335,5.7724842291666665,5.375450634222222,-2.9615,6.05946,6.86867,10.649,17.1417,18.1521,-8.41286,-5.18322,-10.1079,9.336903624480435,1.6739009943141885,22.5345374482297
08:35 AM,,2.7792611833333334,6.548258766666667,6.7439962,2.77476,6.55025,6.74418,2.89447,6.59095,6.78966,2.69576,6.48083,6.6939,0.0012650558371616583,0.00024433707860990376,0.00022739131975959957,2.7817669866666668,6.547931653333333,6.742993936666667,2.77715,6.54786,6.74418,2.92319,6.61011,6.79445,2.69576,6.47125,6.68672,0.001228194190650039,0.00023750814504816994,0.00022970378679825556,2.7861629233333334,6.538904321666666,6.7512017916666665,2.77955,6.54068,6.75136,3.17218,6.61011,6.81121,2.69336,6.41379,6.63165,0.0014574476328595989,0.00037437505071498243,0.00034059239487240877,0.668567381,6.355668079,6.851702945833333,2.7604,6.51913,6.77051,10.649,17.1417,18.1521,-4.39078,-5.18322,-2.34861,7.854170555084052,0.09605544342681865,0.04714810084586755,-0.2994347282222222,5.9232628230555555,5.9085094847777775,-2.9615,6.07622,6.86867,10.649,17.1417,18.1521,-8.41286,-5.18322,-10.1079,9.287749557784856,1.2027788314724523,15.18443968200372
08:36 AM,,2.7769708333333334,6.547253333333333,6.746250616666667,2.76758,6.54786,6.74657,2.89925,6.60053,6.79924,2.69815,6.48801,6.69151,0.0013542766323594885,0.00024197111775180763,0.00027387051798302735,2.7803688666666666,6.54803378,6.743339483333333,2.77476,6.54786,6.74418,2.92319,6.61011,6.79924,2.69576,6.47125,6.68672,0.0012837020115193957,0.00023981968567348956,0.00023901476502139653,2.784568466666667,6.5412876566666665,6.749238598333333,2.77955,6.54307,6.74896,3.17218,6.61011,6.80882,2.69336,6.41379,6.63165,0.0014479750813291105,0.00034680830629317023,0.0003199889405754261,0.959272001,6.381031945666667,6.837998318333334,2.76518,6.52392,6.76572,10.649,17.1417,18.1521,-4.39078,-5.18322,-2.34861,7.305271522781432,0.09219254293216872,0.04607154811264805,-0.307268751,6.074832405833333,6.442096490888889,-2.9615,6.09777,6.86867,10.649,17.1417,18.1521,-8.41286,-5.18322,-10.1079,9.237671380722697,0.6795444952535884,7.251835154899434
08:37 AM,,2.7745528166666666,6.548721666666666,6.74666555,2.76758,6.55025,6.74657,2.91362,6.60532,6.78966,2.69336,6.47843,6.69629,0.0012421019070781869,0.0002571284676683349,0.0002466581846719528,2.7785373933333335,6.548380943333333,6.7442795066666665,2.77237,6.55025,6.74418,2.92319,6.61011,6.79924,2.69336,6.47125,6.68672,0.0012850001116425033,0.000247355525451938,0.0002436955889529401,2.78270785,6.543704498333334,6.747330055,2.77715,6.54547,6.74657,3.17218,6.61011,6.80642,2.69336,6.41379,6.63165,0.0014529575973770631,0.000319432959641603,0.0002946457892118434,1.249198536,6.406466443166667,6.823923191666666,2.76758,6.52631,6.76333,10.649,17.1417,18.1521,-4.39078,-5.18322,-2.34861,6.592620534368165,0.08708266919046313,0.04445870381166424,-0.2852738971111111,6.211088808222223,6.897268115555556,-2.95432,6.13608,6.86149,10.649,17.1417,18.1521,-4.84566,-5.18322,-2.34861,9.147151768832181,0.1564222168704147,0.04263691792761151
08:38 AM,,2.7742016,6.5476802,6.745229283333334,2.76758,6.55025,6.745375,2.89447,6.59095,6.78966,2.70054,6.48083,6.68911,0.0011788548976026715,0.00023392331849081603,0.00023659953788285985,2.7769708233333334,6.5481135466666665,6.74487884,2.76997,6.55025,6.74418,2.92319,6.61011,6.79924,2.69336,6.47843,6.68911,0.0012715795598087253,0.0002445555758130916,0.00024401650142154047,2.7813476016666665,6.54600202,6.745396403333333,2.77476,6.54786,6.74657,3.17218,6.61011,6.80403,2.69336,6.41379,6.63165,0.0014536479399213178,0.0002772946023533241,0.0002632806521393454,1.5390819701666667,6.432093257333333,6.809760094166666,2.76997,6.5311,6.76093,10.649,17.1417,18.1521,-4.39078,-5.18322,-2.34861,5.712036470505836,0.08047478863662283,0.042455326110075305,-0.060619126555555555,6.2417687665555555,6.89185093,2.73167,6.49998,6.78488,10.649,17.1417,18.1521,-4.43387,-5.18322,-2.34861,8.955876813015132,0.14702729077397605,0.04310576221626933
08:39 AM,,2.772705333333333,6.547409083333333,6.74506565,2.76758,6.54786,6.74657,2.90644,6.59095,6.80163,2.68618,6.4928,6.69151,0.0012550744987200892,0.0002289467215289355,0.00024086330107929874,2.7755383533333333,6.54786461,6.74544146,2.76997,6.54786,6.74657,2.91362,6.60532,6.80163,2.68618,6.47843,6.68911,0.001262734342736068,0.00024124066740369973,0.00024563562174231395,2.779445506666667,6.547452443333333,6.744668591666667,2.77476,6.54786,6.74418,2.92319,6.61011,6.80163,2.68618,6.46407,6.68672,0.001260397546067634,0.00024345501793310948,0.0002405241204200006,1.8288957785,6.457581019833333,6.795353588333334,2.77237,6.5335,6.75615,10.649,17.1417,18.1521,-4.39078,-5.18322,-2.34861,4.6631891886420185,0.0726737637587915,0.03994473346012887,0.1547727401111111,6.275625432111111,6.8794029255555555,2.74364,6.51195,6.77769,10.649,17.1417,18.1521,-4.43387,-5.18322,-2.34861,8.738241973346275,0.1321668353346652,0.04195095023803212
08:40 AM,,2.76772565,6.5487418,6.74946275,2.76279,6.54786,6.74896,2.90644,6.58856,6.79924,2.69336,6.48801,6.6939,0.001234949548157763,0.00022398198540233554,0.0002480119592028376,2.7732312466666666,6.547961216666667,6.74653477,2.76758,6.54786,6.74657,2.91362,6.60532,6.80163,2.68618,6.47843,6.68911,0.001260835520285918,0.00023728860415443887,0.0002513758621011334,2.7774991166666667,6.547946435,6.744764353333333,2.77237,6.54786,6.74418,2.92319,6.61011,6.80163,2.68618,6.47125,6.68672,0.0012625251523784523,0.00023735902014413078,0.00024363462545273114,2.1173252276666665,6.4830620115,6.780728614166667,2.77476,6.53589,6.75615,10.649,17.1417,18.1521,-4.39078,-5.18322,-2.34861,3.457639605033012,0.06358471666438757,0.03675382770824682,0.3697702451111111,6.310180378222222,6.866817925,2.74843,6.51674,6.771710000000001,10.649,17.1417,18.1521,-4.43387,-5.18322,-2.34861,8.428865573040957,0.11399414599382994,0.0403001775224734
08:41 AM,,2.76673225,6.5493641,6.748788383333333,2.758,6.55025,6.74896,2.89686,6.59095,6.80163,2.68378,6.48083,6.69629,0.0012486132622078468,0.00023299729868781133,0.00025398373845047253,2.77118353,6.54838337,6.747042323333333,2.76518,6.55025,6.74657,2.91362,6.60532,6.80163,2.68378,6.47843,6.68911,0.0012411888647940318,0.00023561145569499668,0.0002481460541201619,2.7757761983333333,6.548208575,6.7451909033333335,2.76997,6.54786,6.74657,2.92319,6.61011,6.80163,2.68378,6.47125,6.68672,0.0012833311139496559,0.00023770650320324057,0.0002469681334729011,2.4062338826666667,6.509040155666667,6.7660778950000005,2.77715,6.53828,6.75375,10.649,17.1417,18.1521,-4.39078,-5.18322,-2.34861,2.0799536647554557,0.05280130947424529,0.03316502320943643,0.584660424,6.345307237111111,6.853846535,2.75321,6.52152,6.76812,10.649,17.1417,18.1521,-4.43387,-5.18322,-2.34861,8.027524116928944,0.09251220632955363,0.038132357155507966
08:42 AM,,2.7669316166666666,6.5494558,6.74842165,2.7604,6.55025,6.74657,2.90165,6.59814,6.79685,2.69336,6.48083,6.69869,0.0012790660162468003,0.0002304622434323855,0.00023203603183055016,2.76965929,6.5485301966666665,6.747393543333334,2.76279,6.55025,6.74657,2.90644,6.59814,6.80163,2.68378,6.48083,6.68911,0.0012475935274383796,0.0002304709603147587,0.00024545436166534355,2.7740983416666665,6.54845557,6.745836525,2.76758,6.55025,6.74657,2.92319,6.61011,6.80163,2.68378,6.47125,6.68672,0.001285794199333153,0.00023887898743967163,0.00024695891622707937,2.6957153235,6.531822368166667,6.754335440833334,2.77715,6.54068,6.75136,10.649,17.1417,18.1521,-4.39078,-5.18322,-2.34861,0.528744568665432,0.04350477071099937,0.03051448341989066,0.7849997917777778,6.368084273777778,6.843560291111111,2.75561,6.52631,6.76572,10.649,17.1417,18.1521,-4.39078,-5.18322,-2.34861,7.65521482157294,0.08334357755137212,0.036703030284186595
08:43 AM,,2.7662252333333335,6.55105575,6.7509831,2.7604,6.55265,6.75136,2.87771,6.60053,6.79685,2.68857,6.4928,6.69629,0.0012129692012810237,0.0002276753814065097,0.00023297661641736135,2.7680640166666666,6.549205306666667,6.748544306666667,2.76279,6.55025,6.74896,2.90644,6.60053,6.80163,2.68378,6.48083,6.69151,0.0012500929858950207,0.00022989867633139776,0.0002450467720433028,2.77251742,6.548659426666666,6.746711573333333,2.76758,6.55025,6.74657,2.92319,6.61011,6.80163,2.68378,6.47843,6.68911,0.0012804622057112187,0.00023748561627399959,0.0002478503460489634,2.7816401,6.540986365,6.751364156666667,2.77715,6.54307,6.75136,3.17218,6.61011,6.81121,2.68378,6.41379,6.63165,0.0014582810234919578,0.0003774300819102666,0.00032251720983960823,0.9802775028888889,6.385495473222222,6.8350153605555555,2.758,6.52871,6.76333,10.649,17.1417,18.1521,-4.39078,-5.18322,-2.34861,7.246838373367019,0.08027375679710255,0.03599910910982054
08:44 AM,,2.7638711166666665,6.5501781333333335,6.751046966666666,2.758,6.55025,6.75136,2.88249,6.60053,6.79445,2.679,6.48322,6.69869,0.0011630451224571507,0.00021417151437284183,0.00022566510697718316,2.7662971733333332,6.549759116666666,6.74974057,2.7604,6.55025,6.75136,2.90644,6.60053,6.80163,2.679,6.48083,6.6939,0.001227796337522463,0.0002261846111234284,0.0002394117259504161,2.7709177633333333,6.548811863333333,6.747591015,2.76518,6.55025,6.74896,2.91362,6.60532,6.80163,2.679,6.47843,6.68911,0.0012664111721593491,0.0002345711191145064,0.0002471046034203446,2.7794461125,6.542560295,6.750481930833334,2.77476,6.54547,6.75136,3.17218,6.61011,6.81121,2.679,6.41379,6.63165,0.0014321936296981521,0.00035089309657102154,0.0003076427860790553,1.1746950628888888,6.402770217666666,6.826206148333333,2.7604,6.5311,6.76093,10.649,17.1417,18.1521,-4.39078,-5.18322,-2.34861,6.768592171828378,0.07666328526928869,0.03504714735450102
08:45 AM,,2.7640706833333333,6.549507683333333,6.752175983333333,2.758,6.55025,6.75375,2.88968,6.60771,6.79924,2.68139,6.47364,6.70348,0.0013016968187309407,0.0002427228715856969,0.0002482800641399546,2.76556618,6.549912293333334,6.750283216666666,2.7604,6.55025,6.75136,2.90165,6.60771,6.80163,2.679,6.47364,6.69629,0.001241176993938913,0.0002297099105107909,0.00024034191305740722,2.7693987133333335,6.548936755,6.748408993333333,2.76279,6.55025,6.74896,2.91362,6.60771,6.80163,2.679,6.47364,6.68911,0.0012654884815247432,0.00023441216798130368,0.0002493312029204418,2.7777808183333335,6.543920538333333,6.7498053925,2.77237,6.54547,6.74896,3.17218,6.61011,6.81121,2.679,6.41379,6.63165,0.0014316201317579771,0.0003295327677908453,0.0002968873098384298,1.3688444917777778,6.420090971,6.817271628333334,2.76279,6.53589,6.75854,10.649,17.1417,18.1521,-4.39078,-5.18322,-2.34861,6.217220584671815,0.07241439128647639,0.033885458215910526
08:46 AM,,2.7626223,6.55082075,6.752144583333333,2.758,6.55265,6.75375,2.89207,6.59814,6.80163,2.67421,6.47125,6.70348,0.0012647263399432388,0.00023590728340984826,0.0002219425771215905,2.76474419,6.550203623333333,6.750954456666666,2.758,6.55025,6.75136,2.90165,6.60771,6.80163,2.67421,6.47125,6.69629,0.0012451812476931311,0.00023031122024486897,0.00023373762844760385,2.76796386,6.5492934966666665,6.74899839,2.76279,6.55025,6.74896,2.91362,6.60771,6.80163,2.67421,6.47125,6.68911,0.0012533458271049177,0.00023375097323552653,0.0002447285122266038,2.776266163333333,6.545290576666667,6.749118494166667,2.76997,6.54786,6.74896,3.17218,6.61011,6.80882,2.67421,6.41379,6.63165,0.0014194818749362337,0.00030628015169676233,0.0002823496207591954,1.5621692873333333,6.437119129333333,6.808331675555555,2.76518,6.53589,6.75854,10.649,17.1417,18.1521,-4.39078,-5.18322,-2.34861,5.597474125602684,0.06782979015007694,0.03255539647324102
08:47 AM,,2.76355595,6.550429266666667,6.75202065,2.758,6.55025,6.75136,2.89925,6.59574,6.79206,2.69097,6.47604,6.71066,0.001176544341666945,0.00024014062617250766,0.00022044455099582536,2.7640690566666666,6.550398316666667,6.751674256666667,2.758,6.55025,6.75136,2.89925,6.60771,6.80163,2.67421,6.47125,6.69629,0.001223573494841736,0.0002321046980323981,0.00022984811928721698,2.7668641733333335,6.549464256666667,6.7495339,2.7604,6.55025,6.74896,2.90644,6.60771,6.80163,2.67421,6.47125,6.68911,0.0012431915257375785,0.0002321218882955031,0.0002421935156426064,2.7747860116666665,6.5465843775,6.7484319775,2.76997,6.54786,6.74896,3.17218,6.61011,6.80642,2.67421,6.41379,6.63165,0.001410722965290305,0.0002840488358154769,0.00026961161664921406,1.7550870817777777,6.454132381,6.799126761111111,2.76518,6.53828,6.75615,10.649,17.1417,18.1521,-4.39078,-5.18322,-2.34861,4.907247494017228,0.06267520114936247,0.03094882897911955
08:48 AM,,2.7568364666666665,6.549264383333333,6.7567447,2.75321,6.55025,6.75615,2.8801,6.59095,6.8136,2.66703,6.47364,6.63644,0.0011268911407501397,0.00021779277557901875,0.0002775983090918179,2.762191303333333,6.5500400433333335,6.752826576666667,2.758,6.55025,6.75375,2.89925,6.60771,6.8136,2.66703,6.47125,6.63644,0.0012123891417819164,0.00023017318469301817,0.00024248029287841385,2.76512766,6.549622675,6.750685441666667,2.7604,6.55025,6.75136,2.90644,6.60771,6.8136,2.66703,6.47125,6.63644,0.0012396594505328224,0.0002301718101627338,0.00024830812172521724,2.7732376308333335,6.5478123475,6.7480409225,2.76758,6.54786,6.74896,3.17218,6.61011,6.8136,2.66703,6.41379,6.63165,0.0014123185730764726,0.00025698961884914625,0.0002627671334184448,1.9477638667777777,6.471269729888889,6.790068543333334,2.76758,6.54068,6.75615,10.649,17.1417,18.1521,-4.39078,-5.18322,-2.34861,4.142392047384791,0.056794846691942145,0.0291610820983947
08:49 AM,,2.7576024833333332,6.551857733333334,6.7569685,2.75082,6.55265,6.75854,2.88968,6.59814,6.80163,2.68139,6.49998,6.70348,0.0012527837141900393,0.00021883727665664878,0.00021292024916527382,2.7609375766666666,6.550375963333333,6.754010883333334,2.75561,6.55025,6.75375,2.89925,6.60771,6.8136,2.66703,6.47125,6.63644,0.0012323888825216296,0.0002316494173444354,0.00024133030742219498,2.763617375,6.55006754,6.7518757266666665,2.758,6.55025,6.75136,2.90644,6.60771,6.8136,2.66703,6.47125,6.63644,0.0012370700766054761,0.00022897399584770632,0.0002448906021056388,2.7715314408333334,6.548759991666667,6.748272159166667,2.76758,6.55025,6.74896,2.92319,6.61011,6.8136,2.66703,6.46407,6.63644,0.0013112673993322772,0.00023790464583708202,0.0002556739149225756,2.140469644,6.488409859888889,6.780860967777778,2.76758,6.54307,6.75375,10.649,17.1417,18.1521,-4.39078,-5.18322,-2.34861,3.3032860775464843,0.05042508650441616,0.027130799118314425
08:50 AM,,2.757415066666667,6.550776616666667,6.754885516666667,2.75082,6.55265,6.75375,2.89207,6.59335,6.80163,2.67181,6.47364,6.70826,0.001186413971948804,0.00022604571190623028,0.00022787400574262543,2.7596064533333333,6.55062975,6.75455279,2.75321,6.55025,6.75495,2.89925,6.59814,6.8136,2.66703,6.47125,6.63644,0.0012081091020551742,0.00022813528800016495,0.00023644022999256282,2.762586316666667,6.550271021666667,6.752418003333333,2.758,6.55025,6.75375,2.90165,6.60771,6.8136,2.66703,6.47125,6.63644,0.0012333199724617993,0.0002290131465972951,0.00024290940684779574,2.7700427166666666,6.549108728333334,6.748591178333333,2.76518,6.55025,6.74896,2.92319,6.61011,6.8136,2.66703,6.47125,6.63644,0.0013034210947109484,0.00023451768795685864,0.0002578975518575181,2.3324122573333335,6.505465014888889,6.771291743888889,2.76758,6.54307,6.75375,10.649,17.1417,18.1521,-4.39078,-5.18322,-2.34861,2.397970098295226,0.04346880767335719,0.024760950883157915
08:51 AM,,2.7541270166666667,6.550134316666667,6.7574192,2.75082,6.55025,6.75854,2.8801,6.60532,6.80882,2.66942,6.48322,6.70348,0.001138029675392042,0.00021305153208653135,0.0002578581038664429,2.7579073966666665,6.550492463333334,6.755607713333333,2.75321,6.55025,6.75615,2.89925,6.60532,6.8136,2.66703,6.47364,6.63644,0.0011841029847842505,0.00022359318929508542,0.00024298405092146135,2.7613257933333335,6.550348043333333,6.753281085,2.75561,6.55025,6.75375,2.90165,6.60771,6.8136,2.66703,6.47125,6.63644,0.001226127025808257,0.0002269352337104056,0.00024373520800744175,2.7685509958333334,6.549278309166667,6.749235994166667,2.76279,6.55025,6.74896,2.92319,6.61011,6.8136,2.66703,6.47125,6.63644,0.0013068324022335023,0.00023344593332719156,0.0002616953465905146,2.524597852888889,6.522809451555555,6.761812291666667,2.76997,6.54547,6.75375,10.649,17.1417,18.1521,-4.39078,-5.18322,-2.34861,1.4150275359471167,0.035654739884572795,0.022227030078758193
08:52 AM,,2.7562099,6.55220515,6.758999433333333,2.75082,6.55265,6.75854,2.87052,6.59335,6.80882,2.66942,6.46646,6.71305,0.0011539701832954925,0.00021215941366694349,0.00025260150952810187,2.7564381866666667,6.55084764,6.75700347,2.75082,6.55265,6.75615,2.89207,6.60532,6.8136,2.66703,6.46646,6.63644,0.0011716280095149941,0.0002184642741217722,0.00024718533563764466,2.7602536216666667,6.550622978333333,6.754338863333333,2.75561,6.55025,6.75375,2.89925,6.60771,6.8136,2.66703,6.46646,6.63644,0.001211961089681811,0.0002252974136818092,0.00024557828028803577,2.7671759816666666,6.5495392741666665,6.750087694166667,2.76279,6.55025,6.75136,2.92319,6.61011,6.8136,2.66703,6.46646,6.63644,0.0012966966242550187,0.00023324337086240283,0.00026432201960976606,2.7172280895555554,6.538089238222223,6.754336581666666,2.76997,6.54547,6.75375,10.649,17.1417,18.1521,-4.39078,-5.18322,-2.34861,0.3538161787718494,0.029156017262987634,0.020424274165540858
08:53 AM,,2.754813583333333,6.55250035,6.7539480166666666,2.74843,6.55265,6.75375,2.89925,6.60771,6.79685,2.68139,6.47843,6.71066,0.001247054594316917,0.00022561070455175106,0.00023649502928185743,2.75603361,6.551494833333333,6.756444133333333,2.75082,6.55265,6.75615,2.89925,6.60771,6.80882,2.66942,6.46646,6.70348,0.0011959612163400133,0.00021965174028564907,0.00024051706713793374,2.7591124566666667,6.550767438333334,6.7546353550000005,2.75321,6.55025,6.75375,2.89925,6.60771,6.8136,2.66703,6.46646,6.63644,0.0012134553266859034,0.000225404162514948,0.00024473064794863195,2.7658149383333335,6.5497134325,6.750673464166667,2.7604,6.55025,6.75136,2.92319,6.61011,6.8136,2.66703,6.46646,6.63644,0.0012917818487169239,0.00023253662159474162,0.0002619678582127329,2.7741308855555555,6.544246722777777,6.752454556111111,2.76997,6.54547,6.75375,3.17218,6.61011,6.8136,2.66703,6.41379,6.63165,0.0014893833747588337,0.0003480004836922406,0.0002989513924136515
08:54 AM,,2.7513780333333333,6.550625,6.754051433333333,2.74603,6.55025,6.75375,2.85855,6.59574,6.80163,2.66942,6.48561,6.70108,0.0010683467964596551,0.0002091772156928202,0.00021035278258319271,2.75478872,6.551248286666667,6.75586072,2.74843,6.55265,6.75615,2.89925,6.60771,6.80882,2.66942,6.46646,6.70108,0.0011614166519122375,0.00021778652383910022,0.0002407541481309759,2.757863148333333,6.550812125,6.754935801666667,2.75321,6.55025,6.75615,2.89925,6.60771,6.8136,2.66703,6.46646,6.63644,0.0012061569353605576,0.00022487078006438405,0.00024185766390131288,2.7643904558333334,6.549811994166666,6.751263408333333,2.7604,6.55025,6.75136,2.91362,6.60771,6.8136,2.66703,6.46646,6.63644,0.0012787903154768392,0.0002307021496274333,0.0002579483552962043,2.772251791111111,6.545310905,6.7519665544444445,2.76758,6.54786,6.75136,3.17218,6.61011,6.8136,2.66703,6.41379,6.63165,0.0014602991381107051,0.0003240033817855173,0.0002901082158734724
08:55 AM,,2.7536206,6.552057316666667,6.754242916666667,2.74603,6.55265,6.75375,2.87771,6.59095,6.79685,2.66942,6.4904,6.70826,0.0012114230717595992,0.00021578322066749986,0.00020842616192960357,2.7540298266666667,6.551504426666667,6.7557322,2.74843,6.55265,6.75615,2.89925,6.60771,6.80882,2.66942,6.46646,6.70108,0.001164728681930599,0.00021575757379588596,0.00023718660862954204,2.75681814,6.551067088333333,6.755142495,2.75082,6.55265,6.75615,2.89925,6.60771,6.8136,2.66703,6.46646,6.63644,0.001193997109792032,0.000222100730360589,0.00023712175378393774,2.763108426666667,6.5500019216666665,6.751775744166666,2.758,6.55025,6.75136,2.91362,6.60771,6.8136,2.66703,6.46646,6.63644,0.001269211312483996,0.00022937210079892884,0.00025454216362651725,2.770793258888889,6.546302721666667,6.751584426666667,2.76518,6.54786,6.75136,3.17218,6.61011,6.8136,2.66703,6.41379,6.63165,0.001449999119630734,0.0003050579848750222,0.0002832814536409348
08:56 AM,,2.7502047666666667,6.55180595,6.753684416666666,2.74603,6.55265,6.75375,2.88968,6.59095,6.79924,2.67421,6.4928,6.70108,0.0011413683862559819,0.0001935765293130198,0.0002204724981566485,2.7532453766666665,6.5518387533333335,6.7549852433333335,2.74843,6.55265,6.75615,2.89925,6.60771,6.80882,2.66942,6.46646,6.70108,0.001167705269214527,0.00021139858057267821,0.00022943090937724677,2.7555763866666667,6.551165608333333,6.755296478333333,2.75082,6.55265,6.75615,2.89925,6.60771,6.8136,2.66703,6.46646,6.63644,0.0011811426236811025,0.0002179128293014791,0.00023626498904603694,2.761770123333333,6.5502295525,6.752147434166667,2.75561,6.55025,6.75136,2.91362,6.60771,6.8136,2.66703,6.46646,6.63644,0.001255508350947368,0.00022668935392090216,0.0002503940131759296,2.769369571111111,6.547248920555556,6.751177822222222,2.76518,6.54786,6.75136,3.17218,6.61011,6.8136,2.66703,6.41379,6.63165,0.0014350966748646582,0.00028448128182267723,0.0002754562321368463
08:57 AM,,2.7505798,6.5515626,6.75614615,2.74364,6.55265,6.75854,2.8801,6.59574,6.79924,2.67421,6.46885,6.71545,0.0011929922857696158,0.00023677507603338688,0.00021755807947662615,2.752119356666667,6.551710243333333,6.754414586666667,2.74603,6.55265,6.75375,2.89925,6.60771,6.80163,2.66942,6.46885,6.70108,0.00117389420435424,0.00021628702531589246,0.00021915162563770004,2.754278771666667,6.551278941666666,6.755709028333333,2.74843,6.55265,6.75615,2.89925,6.60771,6.8136,2.66703,6.46646,6.63644,0.0011772294646186336,0.00021752546654101902,0.00023480547128440995,2.7605714725,6.550371599166667,6.752621464166666,2.75561,6.55025,6.75375,2.90644,6.60771,6.8136,2.66703,6.46646,6.63644,0.0012497110197917266,0.00022562827957429545,0.0002480134638198666,2.767950265,6.548149232222222,6.7508576611111115,2.76279,6.55025,6.75136,3.17218,6.61011,6.8136,2.66703,6.41379,6.63165,0.0014262821261423386,0.00026675887469244307,0.0002697644138970367
08:58 AM,,2.7493827333333334,6.549962916666667,6.75635795,2.74603,6.55265,6.75615,2.87052,6.59095,6.79685,2.67421,6.49758,6.71305,0.0011237632259053982,0.00020410254690456174,0.0002163419255066769,2.7510331866666666,6.551202756666667,6.754896573333333,2.74603,6.55265,6.75615,2.88968,6.59574,6.80163,2.66942,6.46885,6.70108,0.0011481347260204958,0.0002122194409811143,0.0002156060242660429,2.7535333983333334,6.551348795,6.7556703533333335,2.74843,6.55265,6.75615,2.89925,6.60771,6.80882,2.66942,6.46646,6.70108,0.0011781046976842779,0.00021592092611899316,0.00022862236440255473,2.7593305291666668,6.550485735,6.7531778975,2.75321,6.55025,6.75375,2.90644,6.60771,6.8136,2.66703,6.46646,6.63644,0.0012423908522326689,0.000223772714035943,0.0002446582231230863,2.766669553333333,6.5489911633333335,6.750584066111111,2.76279,6.55025,6.75136,3.17218,6.61011,6.8136,2.66703,6.41379,6.63165,0.0014204615674986835,0.0002460666657058598,0.00026430808696601554
08:59 AM,,2.749286966666667,6.55187795,6.759973083333334,2.74603,6.55265,6.76093,2.87052,6.60292,6.80163,2.6766,6.49519,6.72023,0.001117100918997217,0.00019960217659181813,0.00023624200533527923,2.750614973333333,6.5514533466666665,6.756080903333333,2.74603,6.55265,6.75615,2.88968,6.60292,6.80163,2.66942,6.46885,6.70108,0.0011582838528168943,0.00021026859586510888,0.00022438686690628957,2.7527018466666666,6.551350816666667,6.755970811666667,2.74843,6.55265,6.75615,2.89925,6.60771,6.80882,2.66942,6.46646,6.70108,0.0011640126780361616,0.00021400239679918704,0.0002325438615014462,2.7581596108333333,6.550709178333333,6.753923269166667,2.75321,6.55025,6.75375,2.90644,6.60771,6.8136,2.66703,6.46646,6.63644,0.0012302309960398861,0.00022188147149748702,0.00024289011673060904,2.7652549094444443,6.5496236,6.750838376666667,2.7604,6.55025,6.75136,2.92319,6.61011,6.8136,2.66703,6.46407,6.63644,0.0013409091641786988,0.00023141661872992777,0.0002611222252106331
09:00 AM,,2.7475074,6.551530733333333,6.758979383333333,2.73885,6.55265,6.76093,2.86095,6.60053,6.81121,2.66463,6.49519,6.71066,0.0011314464032454094,0.0001973539450372826,0.0002442390809212568,2.749392333333333,6.55134803,6.757028196666667,2.74364,6.55265,6.75854,2.88968,6.60292,6.81121,2.66463,6.46885,6.70108,0.0011409391919528732,0.00020650477941223567,0.0002316471667702443,2.75171108,6.551426228333333,6.756380198333333,2.74603,6.55265,6.75615,2.89925,6.60771,6.81121,2.66463,6.46646,6.70108,0.001158019248274979,0.0002111020982075635,0.00023479778354125284,2.7571486983333333,6.550848625,6.754399100833333,2.75082,6.55265,6.75375,2.90165,6.60771,6.8136,2.66463,6.46646,6.63644,0.001225140120249018,0.00022037293615405283,0.0002427587634634534,2.763932171111111,6.549881228333334,6.751187518333333,2.7604,6.55025,6.75136,2.92319,6.61011,6.8136,2.66463,6.46646,6.63644,0.0013295684647676527,0.00022789390799163954,0.0002636668680728893
09:01 AM,,2.9195075333333333,6.537222083333333,6.698824,2.83222,6.58138,6.69151,3.87126,7.00034,7.02907,2.679,5.87033,6.38267,0.047756814281384535,0.015421945244567336,0.003060151417362271,2.783252886666667,6.5484312566666665,6.746056113333333,2.75321,6.55265,6.75375,3.87126,7.00034,7.02907,2.66463,5.87033,6.38267,0.015094308184595355,0.0032794856955526384,0.0013539334026947188,2.768249131666667,6.550135005,6.750520678333333,2.75082,6.55265,6.75375,3.87126,7.00034,7.02907,2.66463,5.87033,6.38267,0.008354801522349723,0.0017480544248041077,0.0008114858502649066,2.7647874625,6.550241524166666,6.751900881666667,2.75321,6.55265,6.75375,3.87126,7.00034,7.02907,2.66463,5.87033,6.38267,0.004802049187551723,0.0009874238784417847,0.0005294716779291567,2.7684503744444444,6.549563874444444,6.749664222222222,2.7604,6.55025,6.75136,3.87126,7.00034,7.02907,2.66463,5.87033,6.38267,0.0036558420364951527,0.0007384094649367307,0.00044529072354636897
09:02 AM,,2.8211658,6.6024813,6.6813109,2.81785,6.60292,6.68193,2.93995,6.6532,6.72263,2.75082,6.55504,6.63884,0.0008805210875058437,0.0001958051779398984,0.00018897722456427563,2.7973700866666666,6.558614996666667,6.731089063333333,2.77476,6.55983,6.74657,3.87126,7.00034,7.02907,2.66463,5.87033,6.38267,0.014906531855077516,0.003750074049616527,0.0019424371027902513,2.7747447216666665,6.55516262,6.742751825,2.75561,6.55504,6.75136,3.87126,7.00034,7.02907,2.66463,5.87033,6.38267,0.00855086524429658,0.0019947708437428892,0.0012166568852669184,2.7674991716666666,6.552892799166667,6.748545344166667,2.75561,6.55265,6.75375,3.87126,7.00034,7.02907,2.66463,5.87033,6.38267,0.004933508718657086,0.0011150941341508437,0.0007646243128742877,2.769698895,6.551413722777777,6.747642404444444,2.7604,6.55265,6.75136,3.87126,7.00034,7.02907,2.66463,5.87033,6.38267,0.0037271429910395886,0.0008273684966962961,0.0005936765639055297
09:03 AM,,2.8189037,6.6048073333333335,6.680381483333333,2.81307,6.60532,6.67954,2.91122,6.65081,6.74178,2.73885,6.5335,6.61968,0.000883741489792989,0.00022152109504729967,0.0001973180994655002,2.81127428,6.56958388,6.71589377,2.7987,6.57898,6.70108,3.87126,7.00034,7.02907,2.66463,5.87033,6.38267,0.014297259916853886,0.004045108592009602,0.0020943407811474823,2.7811537333333334,6.560393318333333,6.735395171666667,2.76518,6.55744,6.74896,3.87126,7.00034,7.02907,2.66463,5.87033,6.38267,0.008628808555254766,0.002212789683852638,0.001535148936693312,2.770133095,6.5555803783333335,6.745015263333333,2.758,6.55504,6.75375,3.87126,7.00034,7.02907,2.66463,5.87033,6.38267,0.005042186403787958,0.0012421616452773022,0.0009824195009890703,2.77092787,6.553273394444444,6.7455807,2.7604,6.55265,6.75136,3.87126,7.00034,7.02907,2.66463,5.87033,6.38267,0.003789400936381788,0.000917882775798623,0.0007381752146663696
09:04 AM,,1.90040352,8.0055308,4.475548166666667,2.720895,6.74657,6.53589,3.47144,10.2611,7.07696,-0.349538,6.03073,0.418967,1.2720227731587042,2.3289140267018635,5.924791188954273,2.6414975906666665,6.86031445,6.259008786666667,2.80349,6.59814,6.68432,3.87126,10.2611,7.07696,-0.349538,5.87033,0.418967,0.4045293351398744,0.7970778466891273,1.9803871087513203,2.696056282,6.705883898333333,6.507544845,2.76518,6.55983,6.74418,3.87126,10.2611,7.07696,-0.349538,5.87033,0.418967,0.20578714355044456,0.4224303766407932,1.0519211383747762,2.7269597151666667,6.628348011666667,6.6312403233333335,2.758,6.55504,6.75136,3.87126,10.2611,7.07696,-0.349538,5.87033,0.418967,0.10444312657656342,0.21732232635485946,0.5413395007548439,2.741612397888889,6.601835962222222,6.670023887222222,2.7604,6.55265,6.74896,3.87126,10.2611,7.07696,-0.349538,5.87033,0.418967,0.07047833304119452,0.1463615635114359,0.36397383098386227
09:05 AM,,0.5628206783333334,9.769423266666667,1.6333539166666666,0.562613,9.77032,1.63278,0.603313,9.79665,1.68784,0.524308,9.74159,1.5825,0.00014825341980453807,6.052358096382627e-05,0.00037041561184613227,2.204560246333333,7.503892956666666,5.2338836933333335,2.8011,6.6125,6.66996,3.87126,10.2611,7.07696,-0.349538,5.87033,0.418967,1.0755743883240596,2.056790480900392,5.159933169468591,2.4769762898333334,7.027620493333333,5.995455945,2.758,6.56941,6.72981,3.87126,10.2611,7.07696,-0.349538,5.87033,0.418967,0.612490793758574,1.2552003193917887,3.1597412989066958,2.6168972149166665,6.789343790833334,6.37529922,2.75321,6.55744,6.74896,3.87126,10.2611,7.07696,-0.349538,5.87033,0.418967,0.3263963200044534,0.6844394150982628,1.724150471563874,2.667731047722222,6.709208112222222,6.499669144444445,2.758,6.55265,6.74896,3.87126,10.2611,7.07696,-0.349538,5.87033,0.418967,0.22318172883001378,0.46920256413536604,1.1804222933501112
09:06 AM,,0.5604744683333334,9.776254916666666,1.5964409333333334,0.560219,9.77511,1.59447,0.600919,9.79905,1.63996,0.526702,9.75356,1.55856,0.0001407283970507485,5.352515859070492e-05,0.00022133186089705074,1.7327536333333333,8.151699523333333,4.21340708,2.720895,6.74657,6.53589,3.47144,10.2611,7.07696,-0.349538,6.03073,0.418967,1.2819080254309658,2.4800449166661616,6.335373592980676,2.25800326,7.35006539,5.479731596666666,2.75082,6.58856,6.69151,3.87126,10.2611,7.07696,-0.349538,5.87033,0.418967,0.9243262244363901,1.8841796274434552,4.771680703565616,2.5067898233333334,6.950615499166666,6.1175140375,2.75082,6.55744,6.74896,3.87126,10.2611,7.07696,-0.349538,5.87033,0.418967,0.5246150299304855,1.1016937601081265,2.792559979696917,2.5938478355555556,6.816841498333333,6.328008821666667,2.75561,6.55504,6.74896,3.87126,10.2611,7.07696,-0.349538,5.87033,0.418967,0.3653104103265594,0.7703129672975326,1.9503575350040299
09:07 AM,,0.5585632266666667,9.777922566666666,1.57216485,0.557825,9.7775,1.57053,0.603313,9.80144,1.6208,0.521914,9.75116,1.53701,0.00015007543152115746,5.3101708593209023e-05,0.00014811774822454075,1.2802331186666667,8.786787776666667,3.19157787,0.57219,9.76792,1.63038,3.47144,10.2611,7.07696,-0.349538,6.03073,0.418967,1.1157483903544447,2.1254659976771824,5.468063647533817,2.0388016026666667,7.672701386666667,4.961333466666667,2.73885,6.60532,6.67714,3.87126,10.2611,7.07696,-0.349538,5.87033,0.418967,1.140755289417354,2.305825955227215,5.867104097253396,2.3965401871666665,7.1119901641666665,5.8585212475,2.74603,6.55983,6.74657,3.87126,10.2611,7.07696,-0.349538,5.87033,0.418967,0.6989062354240951,1.467348924171279,3.73843795702684,2.519981515888889,6.924481528333334,6.155525465,2.75321,6.55504,6.74896,3.87126,10.2611,7.07696,-0.349538,5.87033,0.418967,0.49681611443625173,1.0486056906924748,2.6687362716220755
09:08 AM,,0.5595447916666667,9.779291333333333,1.5556854666666666,0.557825,9.77989,1.55616,0.603313,9.80862,1.59208,0.526702,9.75116,1.51068,0.0001568063926927518,5.85869224262641e-05,0.00014291520612576527,0.828361337,9.421684576666667,2.1666386666666666,0.562613,9.77271,1.59447,3.47144,10.2611,7.07696,-0.349538,6.03073,0.418967,0.5416006573651332,0.9667582135571398,2.5174475364313746,1.8198178085,7.9956342283333335,4.441266218333333,2.72448,6.62447,6.64123,3.87126,10.2611,7.07696,-0.349538,5.87033,0.418967,1.2610524192705552,2.5192793363919033,6.434353906078833,2.2866756034166666,7.273491511666666,5.5984682858333334,2.74364,6.56222,6.74178,3.87126,10.2611,7.07696,-0.349538,5.87033,0.418967,0.849037029867397,1.781176205306057,4.556251361650659,2.446159622277778,7.032201899444445,5.982540671111111,2.75082,6.55744,6.74657,3.87126,10.2611,7.07696,-0.349538,5.87033,0.418967,0.6172952675269697,1.3039423556278213,3.332538873584928
09:09 AM,,0.5580724,9.7823797,1.5455222666666666,0.557825,9.78229,1.54659,0.591342,9.80383,1.58011,0.524308,9.76313,1.50828,0.0001468760326777963,5.8867079709513896e-05,0.00014228932674012243,0.559895113,9.777054356666666,1.5806334866666667,0.557825,9.7775,1.57292,0.603313,9.80862,1.68784,0.521914,9.74159,1.50828,0.00015117344881650317,7.544912636157343e-05,0.0011963187114136264,1.6006963518333333,8.318684403333334,3.9198211366666666,0.581766,9.76074,1.6615,3.87126,10.2611,7.07696,-0.349538,5.87033,0.418967,1.2857543186863631,2.525707661087425,6.463337534661756,2.17669909925,7.43501761,5.337895974166667,2.73885,6.56701,6.73699,3.87126,10.2611,7.07696,-0.349538,5.87033,0.418967,0.9752123552157356,2.0437876555481336,5.242619538133915,2.3723385245,7.140034253333333,5.8092225583333335,2.74843,6.55744,6.74657,3.87126,10.2611,7.07696,-0.349538,5.87033,0.418967,0.7270896429390843,1.5366036001719632,3.9393864047286358
09:10 AM,,0.5582678983333333,9.783768216666667,1.53123325,0.557825,9.78468,1.52983,0.605707,9.80383,1.57292,0.524308,9.75835,1.49631,0.00015765852635191708,6.154130249053773e-05,0.00013369822230801308,0.558984557,9.779923346666667,1.5602093533333334,0.557825,9.77989,1.55616,0.605707,9.80862,1.63996,0.521914,9.75116,1.49631,0.00015103995737454252,6.478614978308107e-05,0.0006639193791081912,1.3817724016666666,8.641908151666666,3.397046523333333,0.57219,9.77032,1.61123,3.87126,10.2611,7.07696,-0.349538,5.87033,0.418967,1.214865741524143,2.3235506668092683,5.95440163427503,2.0667417408333333,7.59666719,5.076713360833334,2.73406,6.5718,6.72502,3.87126,10.2611,7.07696,-0.349538,5.87033,0.418967,1.0771833059467268,2.2544037725665675,5.798585896815267,2.2986899327777777,7.247868467222222,5.635281575,2.74603,6.55983,6.74418,3.87126,10.2611,7.07696,-0.349538,5.87033,0.418967,0.8261192215921029,1.7463050436859497,4.489729073004182
09:11 AM,,0.5596365233333334,9.784729833333333,1.52051155,0.557825,9.78468,1.52025,0.655983,9.85172,1.55856,0.524308,9.76553,1.49152,0.00018588704087424591,6.858353786866819e-05,0.00012843435268530882,0.558816968,9.78161833,1.5450234766666666,0.557825,9.78229,1.54419,0.655983,9.85172,1.6208,0.521914,9.75116,1.49152,0.00015967246955282693,6.684951254861405e-05,0.00046733210411416,1.1457853006666667,8.966658926666666,2.879215278333333,0.565007,9.77511,1.5825,3.47144,10.2611,7.07696,-0.349538,6.03073,0.418967,0.985516247261973,1.904118713328636,4.947756878835899,1.9570172161666666,7.758396965833334,4.814867978333333,2.72927,6.59095,6.69151,3.87126,10.2611,7.07696,-0.349538,5.87033,0.418967,1.1550461763785933,2.4128726003595817,6.221141605130409,2.225120075222222,7.355713991666667,5.461005680555556,2.74364,6.55983,6.74178,3.87126,10.2611,7.07696,-0.349538,5.87033,0.418967,0.9141843299966684,1.9329378583696482,4.982428011326245
09:12 AM,,0.5600874316666666,9.784905416666666,1.51386795,0.557825,9.78468,1.51307,0.600919,9.81341,1.54898,0.521914,9.75835,1.47955,0.0001704111854878102,6.147651301474473e-05,0.0001253986553898165,0.559121809,9.7830149,1.5333640966666666,0.557825,9.78229,1.53222,0.655983,9.85172,1.59208,0.521914,9.75116,1.47955,0.0001639512786487352,6.600024540513295e-05,0.0003736260203240968,0.9196774638333334,9.284901338333333,2.3624709833333335,0.562613,9.7775,1.56335,3.47144,10.2611,7.07696,-0.349538,6.03073,0.418967,0.6878852131941007,1.3107473218315306,3.4212956760289086,1.84721109275,7.920031979166667,4.552611404166667,2.7197,6.60532,6.67714,3.87126,10.2611,7.07696,-0.349538,5.87033,0.418967,1.2085793505965325,2.5193399637522536,6.508228372428391,2.151558602388889,7.463562312222222,5.2865205572222225,2.73885,6.56222,6.74178,3.87126,10.2611,7.07696,-0.349538,5.87033,0.418967,0.9913662326144209,2.09634067617653,5.416085376002319
09:13 AM,,0.56015925,9.7853165,1.50765165,0.560219,9.78468,1.50828,0.610495,9.81341,1.55377,0.529096,9.76313,1.47476,0.00016734426627462433,6.68139266277107e-05,0.00012838973967696174,0.5592447006666666,9.784219933333333,1.5237573333333334,0.557825,9.78468,1.52265,0.655983,9.85172,1.58011,0.521914,9.75835,1.47476,0.00016622046867395752,6.44767735200602e-05,0.00031099226017561397,0.6938030188333334,9.602952255,1.845198,0.560219,9.77989,1.55138,3.47144,10.2611,7.07696,-0.349538,6.03073,0.418967,0.28894724329898963,0.5161942116272361,1.3620107419017546,1.7374783760833334,8.081672786666667,4.2902965858333335,2.70773,6.62447,6.64123,3.87126,10.2611,7.07696,-0.349538,5.87033,0.418967,1.2381246563084085,2.573665993010735,6.660721471161751,2.078023069611111,7.571371003888888,5.111742842222222,2.73645,6.56462,6.73699,3.87126,10.2611,7.07696,-0.349538,5.87033,0.418967,1.0577522111221065,2.2366495467486613,5.790062078365377
09:14 AM,,0.55894625,9.78733135,1.50306305,0.557825,9.78708,1.50349,0.603313,9.81102,1.53941,0.524308,9.76074,1.46758,0.00016170578731969948,6.350277296577438e-05,0.00012875234243489158,0.5594194706666666,9.785210263333333,1.51526549,0.557825,9.78468,1.51546,0.655983,9.85172,1.57292,0.521914,9.75835,1.46758,0.00016889478002448101,6.568090579925327e-05,0.00022705820236068694,0.5596572918333333,9.78113231,1.5479494883333333,0.557825,9.78229,1.53941,0.655983,9.85172,1.68784,0.521914,9.74159,1.46758,0.00016006400595732618,8.718572875202243e-05,0.0017799916397281512,1.6278567869166667,8.243508104166667,4.027747166666667,0.586554,9.76074,1.6615,3.87126,10.2611,7.07696,-0.349538,5.87033,0.418967,1.2441102786637481,2.575726413620299,6.676715675020059,2.0045255740555556,7.679276111111111,4.936810045,2.73167,6.56941,6.73221,3.87126,10.2611,7.07696,-0.349538,5.87033,0.418967,1.1135603353803032,2.3539290487464624,6.103983204188237
09:15 AM,,0.5610331116666667,9.789190533333333,1.50053725,0.560219,9.78947,1.5011,0.605707,9.81581,1.52983,0.524308,9.76792,1.46519,0.00020468196572874503,6.410338936449458e-05,0.00012606574517946592,0.5599725133333333,9.786294726666666,1.50912629,0.557825,9.78708,1.50828,0.655983,9.85172,1.55856,0.521914,9.75835,1.46519,0.00017823659485477375,6.776971483023027e-05,0.00018021920026932325,0.5594785351666667,9.783109036666666,1.5346678216666667,0.557825,9.78229,1.52743,0.655983,9.85172,1.63996,0.521914,9.75116,1.46519,0.00016485488693291877,7.641719663809281e-05,0.0010744775193914289,1.5182274125,8.405364765,3.7650618833333334,0.576978,9.77032,1.61123,3.87126,10.2611,7.07696,-0.349538,5.87033,0.418967,1.22557831099921,2.5259235336376142,6.555348436252626,1.9310909883333334,7.787265539444444,4.761755420555556,2.72688,6.57419,6.72263,3.87126,10.2611,7.07696,-0.349538,5.87033,0.418967,1.158359070133734,2.448112026066157,6.357096318520798
09:16 AM,,0.5635309316666667,9.78864795,1.4994241166666666,0.562613,9.78947,1.5011,0.691895,9.83496,1.61841,0.445302,9.72483,1.33112,0.00035878988550283516,9.452933619114909e-05,0.00030680290706483016,0.560751395,9.78707835,1.5049088033333333,0.560219,9.78708,1.50589,0.691895,9.83496,1.61841,0.445302,9.72483,1.33112,0.0002146749093040763,7.29556427917617e-05,0.00019095144301566088,0.5597841815,9.78434834,1.52496614,0.557825,9.78468,1.52025,0.691895,9.85172,1.6208,0.445302,9.72483,1.33112,0.0001880781465109762,7.734512226477503e-05,0.0007314507222541089,1.40889372075,8.567206865,3.5023488683333333,0.57219,9.77271,1.5825,3.87126,10.2611,7.07696,-0.349538,5.87033,0.418967,1.1832657235552122,2.423606802267177,6.296375528402756,1.8577879427222221,7.895193112777777,4.586664738333333,2.72209,6.59095,6.69151,3.87126,10.2611,7.07696,-0.349538,5.87033,0.418967,1.1922500084593664,2.519020760808672,6.549158282826423
09:17 AM,,0.5728759283333333,9.800243866666666,1.4191619333333334,0.57219,9.79665,1.46519,0.840329,9.97381,2.01583,0.248986,9.71047,1.02228,0.00092085134558584,0.00034601022475681933,0.007057689942499722,0.5633090943333333,9.79014604,1.4859676,0.562613,9.78947,1.49871,0.840329,9.97381,2.01583,0.248986,9.71047,1.02228,0.00038734121640823717,0.00015410570662060554,0.002671608519813271,0.5612154516666666,9.78658047,1.5096658483333334,0.560219,9.78468,1.51307,0.840329,9.97381,2.01583,0.248986,9.71047,1.02228,0.0002799843691231843,0.00012275003945234008,0.002084064049055173,1.3000085271666666,8.729640928333334,3.2354996575,0.569795,9.77511,1.56335,3.87126,10.2611,7.07696,-0.349538,5.87033,0.418967,1.1163307865927212,2.2700925593597177,5.913100076840246,1.7847652753333334,8.003520266111112,4.408902781111111,2.71491,6.60532,6.67714,3.87126,10.2611,7.07696,-0.349538,5.87033,0.418967,1.2145965378096932,2.567986517853682,6.695938245349164
09:18 AM,,0.5564244716666666,9.816815183333333,1.3162714833333333,0.555431,9.8182,1.31675,0.596131,9.84453,1.36224,0.526702,9.78947,1.28803,0.00012718408827966333,8.943749512493657e-05,0.00011332881298803534,0.5625621386666667,9.796445776666665,1.4476915666666668,0.560219,9.79186,1.49152,0.840329,9.97381,2.01583,0.248986,9.71047,1.02228,0.0003862595662048397,0.0002565540964289331,0.006870260975337336,0.5609034196666667,9.790332854999999,1.48572445,0.560219,9.78708,1.50828,0.840329,9.97381,2.01583,0.248986,9.71047,1.02228,0.00027894577711739935,0.00019786271825201636,0.005036769418433906,1.1903606140833334,8.892983541666666,2.9634953341666668,0.567401,9.7775,1.55138,3.87126,10.2611,7.07696,-0.349538,5.87033,0.418967,1.0268625030549048,2.0649365113042317,5.403415792599124,1.7114182088333334,8.11243862611111,4.227553673888889,2.70294,6.62447,6.64123,3.87126,10.2611,7.07696,-0.349538,5.87033,0.418967,1.2279808454867938,2.5952264934697435,6.798117845709638
09:19 AM,,0.55690328,9.818119783333334,1.3092211166666667,0.555431,9.8182,1.30957,0.612889,9.85411,1.35267,0.526702,9.79426,1.27127,0.00017353925284634386,9.451470996967857e-05,0.0001428431024237618,0.5621535446666667,9.802603463333334,1.40892318,0.560219,9.80144,1.46519,0.840329,9.97381,2.01583,0.248986,9.71047,1.02228,0.0003922469676772305,0.00030218220910836193,0.008592273501187997,0.5607865076666667,9.793906863333333,1.462094335,0.560219,9.78947,1.5011,0.840329,9.97381,2.01583,0.248986,9.71047,1.02228,0.0002823932059199278,0.0002595443558873042,0.007236573782821579,1.08074142975,9.056295633333333,2.6909577358333334,0.565007,9.77989,1.53941,3.87126,10.2611,7.07696,-0.349538,5.87033,0.418967,0.9133404189204124,1.8069940149112247,4.745248534998834,1.6380615687222222,8.221314027777778,4.0459620944444445,0.593737,9.76074,1.6639,3.87126,10.2611,7.07696,-0.349538,5.87033,0.418967,1.2305106473485294,2.5991665716694805,6.8357662886193715
09:20 AM,,0.6057628916666666,9.805195033333334,1.3865103333333333,0.605707,9.80383,1.39337,0.804417,9.83975,1.43646,0.521914,9.73441,1.21141,0.00042659217262764313,0.00010473547979855392,0.001019818200556483,0.5710995006666667,9.805804363333333,1.3861177966666667,0.565007,9.80623,1.37661,0.840329,9.97381,2.01583,0.248986,9.71047,1.02228,0.0007367436976092022,0.00026539897005134315,0.006671839996044004,0.5655360070000001,9.796049544999999,1.4476220433333333,0.562613,9.79186,1.49392,0.840329,9.97381,2.01583,0.248986,9.71047,1.02228,0.0004883715065467085,0.00026172891652906393,0.007208861423228661,0.9736542043333334,9.218978848333332,2.4223342833333334,0.565007,9.78229,1.52743,3.87126,10.2611,7.07696,-0.349538,5.87033,0.418967,0.7742007567302628,1.4948477064234755,3.930699956109981,1.5663398295555555,8.329794641666666,3.8670162550000002,0.591342,9.77032,1.61123,3.87126,10.2611,7.07696,-0.349538,5.87033,0.418967,1.2190969970497725,2.577992774750702,6.794916011921766
09:21 AM,,0.5829471266666667,9.80648825,1.3822606,0.57219,9.80623,1.379,0.91694,9.92833,1.58489,0.483608,9.74398,1.24733,0.0013659080004213237,0.00014256281012103633,0.0006147642407078463,0.5749827396666667,9.809372423333333,1.3626850933333334,0.567401,9.81102,1.35745,0.91694,9.97381,2.01583,0.248986,9.71047,1.02228,0.0009394362346281021,0.00020346299269169077,0.0036185314167968877,0.5678670673333334,9.798225386666667,1.4337969483333333,0.562613,9.79665,1.48195,0.91694,9.97381,2.01583,0.248986,9.71047,1.02228,0.0006276006129662936,0.00026246341832020985,0.006962162798103682,0.856826184,9.382442156666666,2.156506113333333,0.565007,9.78468,1.52025,3.47144,10.2611,7.07696,-0.349538,6.03073,0.418967,0.576535160985009,1.1250013344025156,2.999505123498821,1.4939671665555556,8.438339772777777,3.687844301666667,0.58416,9.77271,1.5825,3.87126,10.2611,7.07696,-0.349538,5.87033,0.418967,1.1990730924195019,2.5333203397699187,6.690138861837138
09:22 AM,,0.080553435,1.7564465933333333,-8.59279965,0.445302,0.605707,-9.92115,1.10129,9.83256,8.40808,-4.43387,-3.78268,-15.3917,0.9686165315258722,8.52678426029527,12.838737351977006,0.476518241,8.200612968666666,-0.6397072233333333,0.560219,9.80862,1.32154,1.10129,9.92833,8.40808,-4.43387,-3.78268,-15.3917,0.23342942594135002,12.08847762725234,18.38392638496578,0.5199136676666667,8.995379504333332,0.4231301883333333,0.560219,9.79665,1.40294,1.10129,9.97381,8.40808,-4.43387,-3.78268,-15.3917,0.11877237256869634,6.675067451981579,10.321578190413916,0.71979556575,9.140140421333333,1.3928005858333334,0.562613,9.78468,1.51307,3.47144,10.2611,8.40808,-4.43387,-3.78268,-15.3917,0.44325128220416465,4.013532086439954,7.811203307129278,1.4047786177222221,8.278481154222222,3.1761176655555556,0.576978,9.77271,1.56335,3.87126,10.2611,8.40808,-4.43387,-3.78268,-15.3917,1.2367983170942158,4.161274463527367,11.56852270974736
09:23 AM,,0.3896675233333333,0.5271047666666667,-9.92380685,0.387844,0.526702,-9.92354,0.49079,0.608101,-9.89002,0.299262,0.42615,-9.96663,0.0003005450513951141,0.0002923461647033946,0.00010247749707263013,0.44316685133333333,6.342670885333333,-2.88772289,0.555431,9.79905,1.30957,1.10129,9.92833,8.40808,-4.43387,-3.78268,-15.3917,0.23258305132138637,19.893294667502676,29.80788840346817,0.502864495,8.069558331,-0.7200156616666666,0.557825,9.79426,1.379,1.10129,9.97381,8.40808,-4.43387,-3.78268,-15.3917,0.1200296408248041,12.927754894746222,19.604632272258307,0.5983337569166667,8.836255293,0.5625911691666666,0.560219,9.78468,1.50828,3.47144,10.2611,8.40808,-4.43387,-3.78268,-15.3917,0.21358653950409168,7.3092875629314715,12.127665208096516,1.3259404157222223,8.077634634777777,2.6201925033333335,0.57219,9.77271,1.55138,3.87126,10.2611,8.40808,-4.43387,-3.78268,-15.3917,1.2041447473641422,6.024535079941263,16.553314139871183
09:24 AM,,0.36522777333333334,0.5071778533333333,-9.914202549999999,0.363903,0.507549,-9.91516,0.399814,0.533884,-9.86608,0.342356,0.47882,-9.94269,7.048578785504722e-05,8.174160837912071e-05,0.00015448350250167408,0.40483175,4.480482499333333,-5.132407623333333,0.445302,0.605707,-9.90439,1.10129,9.92833,8.40808,-4.43387,-3.78268,-15.3917,0.2297196454514113,20.8207024448948,31.121134407736097,0.48349264733333336,7.141542981333333,-1.8617422216666666,0.555431,9.79426,1.32633,1.10129,9.97381,8.40808,-4.43387,-3.78268,-15.3917,0.12122533521929617,17.491190233348398,26.261304106515563,0.5215749695833334,8.461337645666667,-0.15689636666666665,0.557825,9.78468,1.5011,1.10129,9.97381,8.40808,-4.43387,-3.78268,-15.3917,0.06213802559944411,10.486912968503765,16.037189280486857,1.2464020737222221,7.876186396555555,2.064584037222222,0.569795,9.77271,1.53941,3.87126,10.2611,8.40808,-4.43387,-3.78268,-15.3917,1.1608193319364455,7.816717594013631,20.912262666854623
09:25 AM,,0.3544743166666667,0.4990937916666667,-9.912478649999999,0.354327,0.497973,-9.91157,0.378268,0.54346,-9.87805,0.327992,0.433332,-9.94509,6.909427287117418e-05,0.00010169211436220103,0.00010106629483556212,0.354574035,2.619262251,-7.39220542,0.380662,0.526702,-9.91396,1.10129,9.92833,8.40808,-4.43387,-3.78268,-15.3917,0.21955154723442327,14.854350734886623,22.081809312266312,0.46283676783333333,6.212533307166667,-3.0030438116666667,0.550643,9.79186,1.31197,1.10129,9.97381,8.40808,-4.43387,-3.78268,-15.3917,0.12184855816443,20.339819150516227,30.31035051175835,0.5111576515,7.997821171916667,-0.734187995,0.555431,9.78468,1.495115,1.10129,9.97381,8.40808,-4.43387,-3.78268,-15.3917,0.06333672459997138,13.35661860413308,20.30258514147372,1.1664305309444445,7.674420945722222,1.5090266516666666,0.567401,9.77271,1.52743,3.87126,10.2611,8.40808,-4.43387,-3.78268,-15.3917,1.1051770268074683,9.531705693311762,24.652393877515376
09:26 AM,,0.3484291683333333,0.49588169666666665,-9.911014083333333,0.349538,0.495578,-9.91157,0.373479,0.524308,-9.87326,0.325597,0.469243,-9.94509,6.297520839398723e-05,8.179860131351156e-05,9.922548162910625e-05,0.3076704433333333,0.7571409403333333,-9.650860356666666,0.363903,0.509943,-9.91636,1.10129,9.83256,8.40808,-4.43387,-3.78268,-15.3917,0.20666385025451364,1.9530478759382177,2.844400413068662,0.44132659150000003,5.2832566818333335,-4.144087631666666,0.538672,9.78229,1.29042,1.10129,9.97381,8.40808,-4.43387,-3.78268,-15.3917,0.12165128385354823,21.465601433268603,31.753372876035247,0.5005553865,7.533802510916667,-1.3095607458333334,0.555431,9.78468,1.483145,1.10129,9.97381,8.40808,-4.43387,-3.78268,-15.3917,0.06442294645588627,15.797323555064546,23.91094123296628,1.0863713443333334,7.472556803944444,0.9535367016666667,0.565007,9.77271,1.52025,3.87126,10.2611,8.40808,-4.43387,-3.78268,-15.3917,1.037420749330339,11.166749054984374,27.774357377785936
09:27 AM,,0.34415966833333334,0.490291455,-9.909717283333332,0.34475,0.49079,-9.90917,0.371085,0.521914,-9.88284,0.316021,0.462061,-9.9379,6.636428116360321e-05,9.01667269963023e-05,8.759315971925566e-05,0.36039169,0.5039099126666666,-9.914243883333333,0.356721,0.500367,-9.91396,0.49079,0.608101,-9.86608,0.299262,0.42615,-9.96663,0.0003782407547628209,0.00029378912801437783,0.00013393017607842033,0.4184549655,4.352261440666666,-5.276975553333333,0.406997,0.548249,-9.90199,1.10129,9.92833,8.40808,-4.43387,-3.78268,-15.3917,0.12025625207407499,20.85565633873717,30.698340101956386,0.48983520858333335,7.069420955333333,-1.8836548524999999,0.553037,9.78468,1.40294,1.10129,9.97381,8.40808,-4.43387,-3.78268,-15.3917,0.06535865919279732,17.810591606908417,26.86451780284315,1.0061573399444443,7.270514432444444,0.3980079205555556,0.562613,9.77271,1.51307,3.87126,10.2611,8.40808,-4.43387,-3.78268,-15.3917,0.9569874489064492,12.722802806379304,30.277213564856403
09:28 AM,,0.339850315,0.48795718666666665,-9.911345233333332,0.339962,0.488396,-9.91157,0.363903,0.517125,-9.88763,0.318415,0.459667,-9.9403,5.5178997565050014e-05,8.026069290666677e-05,9.159011146466551e-05,0.35042824833333336,0.4960803966666667,-9.911751559999999,0.349538,0.495578,-9.91157,0.399814,0.54346,-9.86608,0.316021,0.433332,-9.94509,0.00014287544163787646,0.00013338558311969562,0.00010892668606175669,0.3967975498333333,3.419375641,-6.399737225,0.371085,0.514731,-9.90678,1.10129,9.92833,8.40808,-4.43387,-3.78268,-15.3917,0.11849403685479198,18.492135563336486,27.237814990599347,0.47885048475,6.604854248,-2.4570063875,0.550643,9.78229,1.379,1.10129,9.97381,8.40808,-4.43387,-3.78268,-15.3917,0.06611478726144589,19.39351576721046,29.1667126587239,0.9258395926666667,7.068447574777777,-0.15758218555555548,0.560219,9.77271,1.50828,3.87126,10.2611,8.40808,-4.43387,-3.78268,-15.3917,0.8640001249522251,14.198179245766836,32.16377210134771
09:29 AM,,0.336742015,0.485279825,-9.9071034,0.337568,0.486002,-9.90917,0.361509,0.514731,-9.85651,0.304051,0.462061,-9.93551,6.0814033627487396e-05,8.455287901940739e-05,0.00015712471763605957,0.3447310966666667,0.491700791,-9.91033173,0.34475,0.49079,-9.91157,0.378268,0.54346,-9.85651,0.304051,0.433332,-9.94509,0.0001021306045108258,0.00011345907296364036,0.00011055828320150208,0.3747814233333333,2.4860916451666664,-7.521369676666667,0.359115,0.505155,-9.90917,1.10129,9.92833,8.40808,-4.43387,-3.78268,-15.3917,0.11579490568233884,14.386930516936353,21.266119654390994,0.4677839655,6.13999925425,-3.029637670833333,0.548249,9.78229,1.32633,1.10129,9.97381,8.40808,-4.43387,-3.78268,-15.3917,0.0666840061858668,20.545149009608895,30.81312950742105,0.8454214276111112,6.8662276372777775,-0.7131514016666666,0.557825,9.77271,1.5011,3.87126,10.2611,8.40808,-4.43387,-3.78268,-15.3917,0.7582278709069203,15.593068456053429,33.42853567967878
09:30 AM,,0.3340406733333333,0.48316903666666666,-9.912665983333333,0.335174,0.483608,-9.91396,0.366297,0.514731,-9.88045,0.29208,0.452485,-9.94748,7.585697918192535e-05,9.222224800867004e-05,9.151358400640212e-05,0.34064436800000003,0.48851584,-9.910369196666666,0.339962,0.488396,-9.91157,0.373479,0.524308,-9.85651,0.29208,0.452485,-9.94748,9.064667538170317e-05,0.00010504841451923986,0.00010881683566654593,0.3476092015,1.5538890455,-8.651287308333334,0.351933,0.497973,-9.91157,1.10129,9.92833,8.40808,-4.43387,-3.78268,-15.3917,0.10985130737949682,8.561199082531122,12.624670058068181,0.45657260425,5.6749692952499995,-3.6018326325,0.545855,9.77989,1.31197,1.10129,9.97381,8.40808,-4.43387,-3.78268,-15.3917,0.06703925421315773,21.265091466491267,31.814530537342304,0.7649725367222222,6.663948914055555,-1.2688729138888888,0.555431,9.77271,1.49392,3.87126,10.2611,8.40808,-4.43387,-3.78268,-15.3917,0.6398334493730973,16.907034705676853,34.0796847087849
09:31 AM,,0.3303617483333333,0.47834495,-9.913791233333333,0.330386,0.47882,-9.91396,0.351933,0.502761,-9.88523,0.311233,0.454879,-9.94509,5.517392519365326e-05,7.667886298580963e-05,8.840115440289667e-05,0.33703088400000003,0.4850084906666667,-9.910924626666667,0.337568,0.486002,-9.91157,0.371085,0.521914,-9.85651,0.29208,0.452485,-9.94748,8.50557190949089e-05,0.00010156174365513133,0.00010860589675954373,0.32235066366666665,0.6210747155,-9.780892491666666,0.347144,0.493184,-9.91396,1.10129,9.83256,8.40808,-4.43387,-3.78268,-15.3917,0.10357276583248262,0.9949290329805478,1.438928602212577,0.4451088655,5.209650051083333,-4.173547771666667,0.536278,9.77032,1.29042,1.10129,9.97381,8.40808,-4.43387,-3.78268,-15.3917,0.06716667319897399,21.554332620283457,32.167820352216154,0.6786676772222222,6.461986342944444,-1.822626755,0.553037,9.77271,1.48195,3.47144,10.2611,8.40808,-4.43387,-3.78268,-15.3917,0.4823509498433544,18.140658260841573,34.14796024668922
09:32 AM,,0.8331463483333333,0.84023287,-9.863144583333334,0.903772,0.892999,-9.8589,1.37421,1.32394,-9.70328,0.284898,0.387844,-9.9786,0.03323239349909883,0.018321923215759366,0.0005107017968210793,0.43482822,0.5549967736666667,-9.901610086666667,0.337568,0.486002,-9.90917,1.37421,1.32394,-9.70328,0.284898,0.387844,-9.9786,0.04637426390389556,0.02408275975674869,0.000562772293957131,0.397609955,0.5294533431666667,-9.907926985,0.347144,0.493184,-9.91157,1.37421,1.32394,-9.70328,0.284898,0.387844,-9.9786,0.024757785792461722,0.012838818328997236,0.00038820302299693844,0.4587618113333333,4.7624164237499995,-4.742398398333333,0.533884,0.841526,-9.867275,1.37421,9.97381,8.40808,-4.43387,-3.78268,-15.3917,0.07549895944701548,21.263144179895964,31.845462401056288,0.6124003621666667,6.269911395277778,-2.3741086044444444,0.553037,9.77271,1.40294,3.47144,10.2611,8.40808,-4.43387,-3.78268,-15.3917,0.32681306534997234,19.157237591464764,33.58824000405299
09:33 AM,,0.9830527916666667,0.9474965033333334,-9.84522475,0.983975,0.948063,-9.84453,1.0558,0.98158,-9.81581,0.936093,0.907363,-9.87326,0.0002415724510233025,0.00015639811525875355,0.00010477410744991492,0.5634687153333333,0.646904637,-9.88838599,0.339962,0.49079,-9.90199,1.37421,1.32394,-9.70328,0.284898,0.387844,-9.9786,0.08818291534916134,0.0455704153841106,0.0010075828581059126,0.4569484818333333,0.5714925168333334,-9.900068775,0.347144,0.493184,-9.90917,1.37421,1.32394,-9.70328,0.284898,0.387844,-9.9786,0.0555039852393689,0.028536027055995047,0.0006946719311712237,0.47990648841666667,4.320525423916666,-5.310042218333333,0.533884,0.841526,-9.86847,1.37421,9.97381,8.40808,-4.43387,-3.78268,-15.3917,0.08828661251390436,20.53402467710776,30.871946147933638,0.5512053318888889,6.081334367611111,-2.9249621455555554,0.553037,9.77271,1.379,3.47144,10.2611,8.40808,-4.43387,-3.78268,-15.3917,0.16532876709829042,20.062255907503985,32.41252484015466
09:34 AM,,1.0137411566666668,0.96838502,-9.84408745,1.0127,0.96961,-9.84453,1.04383,1.00792,-9.77989,0.983975,0.902575,-9.87566,0.00011020307148459667,0.00012027785269409007,9.947208914607484e-05,0.6988685436666666,0.743525676,-9.8757828,0.903772,0.892999,-9.86129,1.37421,1.32394,-9.70328,0.284898,0.387844,-9.9786,0.10013170106564397,0.0516893743060137,0.0011596856945248143,0.5217998201666667,0.6176132335,-9.893057265,0.347144,0.495578,-9.90678,1.37421,1.32394,-9.70328,0.284898,0.387844,-9.9786,0.08146712089186714,0.0417536850077426,0.0009334730014033212,0.50264623375,3.8795781074166666,-5.877399743333333,0.533884,0.841526,-9.86847,1.37421,9.97381,8.40808,-4.43387,-3.78268,-15.3917,0.10170467227954974,19.40704297276545,29.25687367408444,0.5216499197777777,5.846762841611111,-3.4022833327777775,0.553037,9.77271,1.32633,1.37421,9.97381,8.40808,-4.43387,-3.78268,-15.3917,0.06857690036275238,20.677759857854067,31.757717108396964
09:35 AM,,1.0409222333333332,0.9866758366666667,-9.838684966666667,1.04143,0.986369,-9.83735,1.07734,1.04383,-9.80383,0.993551,0.945669,-9.86608,0.00013579539403895402,0.00012626075178629918,9.400671585865447e-05,0.8402448556666666,0.844227036,-9.860986596666667,0.983975,0.948063,-9.84932,1.37421,1.32394,-9.70328,0.284898,0.387844,-9.9786,0.07692894325034227,0.039818734072129415,0.0009443600866128385,0.5904446118333333,0.666371438,-9.885677896666667,0.347144,0.495578,-9.90199,1.37421,1.32394,-9.70328,0.284898,0.387844,-9.9786,0.10091393917359609,0.05159645042791881,0.00113626260444337,0.5266406898333333,3.4394523725833333,-6.444360854166667,0.533884,0.841526,-9.86847,1.37421,9.97381,8.40808,-4.43387,-3.78268,-15.3917,0.11544324586063869,17.885476841991732,26.998130261139572,0.5375866382777778,5.554004593944445,-3.784684628888889,0.553037,9.77271,1.31197,1.37421,9.97381,8.40808,-4.43387,-3.78268,-15.3917,0.07725461236141218,20.866504502522194,32.147152910335855
09:36 AM,,1.06063775,0.9992289183333333,-9.834734633333333,1.06059,0.998339,-9.83496,1.11326,1.0534,-9.78708,1.03186,0.962428,-9.86369,0.00010975551128964943,0.00010763023607846125,0.00011622460620924166,0.986300056,0.9484038296666667,-9.845175276666668,1.0127,0.96961,-9.84453,1.37421,1.32394,-9.70328,0.284898,0.387844,-9.9786,0.01330496078087849,0.006992344095197051,0.00027986334850628724,0.66166547,0.7167061601666667,-9.878049951666666,0.356721,0.505155,-9.89002,1.37421,1.32394,-9.70328,0.284898,0.387844,-9.9786,0.1120990741869926,0.05723912050693533,0.0012751266552235062,0.55149603075,2.9999814209999998,-7.011068791666666,0.536278,0.841526,-9.86847,1.37421,9.97381,8.40808,-4.43387,-3.78268,-15.3917,0.12900375548138324,15.974303815559779,24.096266774704514,0.5542587476666667,5.261437060666666,-4.165723814444444,0.555431,9.76313,1.29042,1.37421,9.97381,8.40808,-4.43387,-3.78268,-15.3917,0.08607806636999032,20.878197313338323,32.25685107067596
09:37 AM,,1.076127,1.0100625033333333,-9.831199416666667,1.07495,1.01031,-9.831365000000002,1.10368,1.03904,-9.79905,1.04622,0.974398,-9.86847,7.24316160267113e-05,9.528308566609905e-05,0.00010719219915832582,1.0348961863333332,0.9823697563333333,-9.838786243333335,1.04143,0.986369,-9.83975,1.11326,1.0534,-9.77989,0.936093,0.902575,-9.87566,0.0012409808541416609,0.0006174495813500761,0.000132912937900091,0.7348622031666666,0.768683265,-9.870198165,0.95764,0.92891,-9.85411,1.37421,1.32394,-9.70328,0.284898,0.387844,-9.9786,0.11383905073487036,0.05801757414153403,0.0013346579341717768,0.5766585843333333,2.560472352833333,-7.573586859166666,0.536278,0.841526,-9.86847,1.37421,9.92833,8.40808,-4.43387,-3.78268,-15.3917,0.14206836750515997,13.666741180656942,20.62342118222863,0.5715108734444444,4.969175058555556,-4.545835956666667,0.555431,1.00792,-9.82778,1.37421,9.97381,8.40808,-4.43387,-3.78268,-15.3917,0.09485593251352996,20.7152907321583,32.08482982715795
09:38 AM,,1.0792910166666667,1.0152775766666666,-9.83061705,1.07734,1.0151,-9.83017,1.14199,1.06537,-9.80144,1.02946,0.96961,-9.86369,0.0001499164699162494,0.00012668182211431276,0.00010374955572371162,1.0541438313333333,0.995925971,-9.835864703333334,1.06059,0.998339,-9.83496,1.14199,1.06537,-9.77989,0.983975,0.902575,-9.87566,0.0007086636107391318,0.00040102930482910175,0.00012922801511703157,0.8088062733333333,0.821415304,-9.862125346666668,1.00073,0.95764,-9.84693,1.37421,1.32394,-9.70328,0.284898,0.387844,-9.9786,0.1046389314040943,0.053440940157166106,0.0012580470309182853,0.6028019115833333,2.1203954725,-8.130931285833332,0.538672,0.841526,-9.86847,1.37421,9.92833,8.40808,-4.43387,-3.78268,-15.3917,0.15399851998544523,10.959505557324267,16.615684112669328,0.5888357476111111,4.6770412666666665,-4.925379373888889,0.555431,1.00552,-9.83017,1.37421,9.97381,8.40808,-4.43387,-3.78268,-15.3917,0.10314592874725531,20.379801764912745,31.630761676415638
09:39 AM,,0.6176336533333333,0.677462135,-9.888653316666666,0.530293,0.615283,-9.8996,1.18268,1.07974,-9.6554,-0.107734,0.208287,-9.94987,0.04226146060241384,0.021304909959155367,0.0010655246973285924,0.9749223306666667,0.937741394,-9.844777876666667,1.06298,1.00073,-9.83735,1.18268,1.07974,-9.6554,-0.107734,0.208287,-9.94987,0.04064388214485494,0.02138458587184271,0.0007866958432725354,0.8368954371666667,0.840633535,-9.860280338333334,1.00552,0.962428,-9.84693,1.37421,1.32394,-9.6554,-0.107734,0.208287,-9.9786,0.08943065744688254,0.04596239777475823,0.0012133949221892067,0.60583843025,1.6633625900833333,-8.690825007499999,0.502761,0.608101,-9.89481,1.37421,9.92833,8.40808,-4.43387,-3.78268,-15.3917,0.15599601954793413,7.892784546403179,12.000520061055404,0.5908211227222222,4.3735440145,-5.30651856,0.555431,0.995945,-9.83496,1.37421,9.97381,8.40808,-4.43387,-3.78268,-15.3917,0.10453964210855013,19.952779570864834,30.91086933273901
09:40 AM,,0.48273412,0.5807684416666666,-9.904031233333333,0.483608,0.581766,-9.90439,0.512337,0.608101,-9.86129,0.454879,0.555431,-9.93312,9.881720198223709e-05,9.438581962931261e-05,0.00010759302819254141,0.863284708,0.856559915,-9.85784713,1.06298,0.998339,-9.83975,1.18268,1.07974,-9.6554,-0.107734,0.208287,-9.94987,0.07576389622265095,0.039800949569356224,0.0013135461558483603,0.8517647818333334,0.8503934755,-9.859416863333333,1.00552,0.962428,-9.84693,1.37421,1.32394,-9.6554,-0.107734,0.208287,-9.9786,0.0764664240328087,0.039841237055752356,0.0011312294044953832,0.5996869916666666,1.2021412605,-9.255352085833334,0.475229,0.581766,-9.8996,1.37421,9.92833,8.40808,-4.43387,-3.78268,-15.3917,0.15669960982466383,4.423898568899953,6.677299190644394,0.5883033301111111,4.0667773553333335,-5.687694042777777,0.554234,0.983975,-9.83975,1.37421,9.97381,8.40808,-4.43387,-3.78268,-15.3917,0.10488546685753244,19.362462772909147,29.911593965590527
09:41 AM,,0.4683654933333333,0.5692168683333334,-9.90372395,0.469243,0.569795,-9.90439,0.497973,0.612889,-9.86608,0.433332,0.54346,-9.96424,7.229582297825264e-05,7.890462387745954e-05,0.00011315872043155136,0.7448302566666667,0.770557505,-9.871644993333334,0.530293,0.615283,-9.89002,1.18268,1.07974,-9.6554,-0.107734,0.208287,-9.96424,0.08513067457557798,0.044842796503067654,0.0014366930392796912,0.8655651563333333,0.8594806673333333,-9.858410135,1.00552,0.962428,-9.84693,1.37421,1.32394,-9.6554,-0.107734,0.208287,-9.9786,0.06378895922972717,0.033821896891208195,0.0010333257972312926,0.59395791,0.7402776914166667,-9.819651313333333,0.464455,0.569795,-9.90199,1.37421,9.83256,8.40808,-4.43387,-3.78268,-15.3917,0.15745053285919733,0.5285431304199798,0.7214233320455622,0.5852609624444445,3.759593589833333,-6.068501892777777,0.553037,0.967216,-9.84453,1.37421,9.97381,8.40808,-4.43387,-3.78268,-15.3917,0.10532456515022616,18.58598974051308,28.62706348618671
09:42 AM,,0.461067485,0.5635268816666666,-9.906153966666666,0.462061,0.562613,-9.90678,0.49079,0.588948,-9.87087,0.428544,0.541066,-9.9403,6.69196440732304e-05,7.377088950684196e-05,9.895914784529659e-05,0.6218183536666667,0.6812503806666667,-9.886635903333334,0.483608,0.581766,-9.8996,1.18268,1.07974,-9.6554,-0.107734,0.208287,-9.96424,0.06414340567066347,0.03395891777252926,0.0011212215472997367,0.82835727,0.8318100684999999,-9.862711073333333,1.00552,0.960034,-9.84693,1.18268,1.07974,-9.6554,-0.107734,0.208287,-9.96424,0.0753521785212163,0.03995730009953472,0.0011994556199845946,0.6129836125,0.6806317058333333,-9.885319029166666,0.464455,0.565007,-9.90199,1.37421,1.32394,-9.6554,-0.107734,0.208287,-9.9786,0.09644048871213286,0.04925266126474319,0.0013049254273514057,0.5819602975555556,3.4522143053333334,-6.4491692899999995,0.548249,0.943275,-9.85172,1.37421,9.97381,8.40808,-4.43387,-3.78268,-15.3917,0.10580326382696874,17.621803218934136,27.05657572329581
09:43 AM,,0.45462341666666667,0.55921754,-9.907390699999999,0.454879,0.560219,-9.90678,0.486002,0.586554,-9.87805,0.430938,0.538672,-9.93551,6.117533447718417e-05,7.092185072961614e-05,8.555158381636013e-05,0.4968848336666667,0.5900383733333333,-9.901990633333332,0.469243,0.5709925,-9.90439,1.18268,1.07974,-9.6554,-0.107734,0.208287,-9.96424,0.012234581576223407,0.006282497916558808,0.00034008983947871144,0.7755143325,0.7929821721666667,-9.868927668333333,1.00073,0.955245,-9.85651,1.18268,1.07974,-9.6554,-0.107734,0.208287,-9.96424,0.08411788265317346,0.044534257550653294,0.0013279616891948356,0.6162314071666667,0.6822373445,-9.884498221666666,0.464455,0.567401,-9.90199,1.37421,1.32394,-9.6554,-0.107734,0.208287,-9.9786,0.09517828061674244,0.048797536429229085,0.001253694863059428,0.5784424364444445,3.1446776733333333,-6.829670701666666,0.541066,0.873846,-9.86369,1.37421,9.97381,8.40808,-4.43387,-3.78268,-15.3917,0.10631203019751716,16.469202104757496,25.199966356804048
09:44 AM,,0.45256846166666664,0.55597759,-9.908955066666666,0.452485,0.555431,-9.90917,0.486002,0.598525,-9.88523,0.421361,0.529096,-9.93312,6.621937591505562e-05,7.956948064297172e-05,8.411724373511437e-05,0.46387179533333334,0.5657414643333334,-9.906050983333333,0.462061,0.565007,-9.90678,0.512337,0.612889,-9.86129,0.421361,0.529096,-9.96424,0.00019245634486039838,0.00015556740869162504,0.00010169344014643681,0.719397063,0.7517414291666666,-9.87541443,0.497973,0.591342,-9.89481,1.18268,1.07974,-9.6554,-0.107734,0.208287,-9.96424,0.08571881207324324,0.04537003520525585,0.0013828754562177758,0.6205984415833333,0.6846773313333333,-9.8842358475,0.464455,0.567401,-9.90199,1.37421,1.32394,-9.6554,-0.107734,0.208287,-9.9786,0.09334798091371806,0.048056197697821865,0.0012359015982815757,0.5748965101666667,2.836965881333333,-7.210071305555555,0.502761,0.608101,-9.89002,1.37421,9.97381,8.40808,-4.43387,-3.78268,-15.3917,0.10681177866725675,15.126992200379627,23.056725863904134
09:45 AM,,0.44810744,0.5528573083333334,-9.908983,0.447696,0.553037,-9.90917,0.476426,0.591342,-9.87805,0.42615,0.524308,-9.93072,6.665094767252084e-05,7.585681771612413e-05,9.219422337228783e-05,0.45694645933333333,0.5601592376666666,-9.907041336666666,0.457273,0.560219,-9.90678,0.497973,0.612889,-9.86608,0.421361,0.524308,-9.96424,0.0001165937712947778,0.00010872920296083487,9.854042772256268e-05,0.6601155836666667,0.7083595763333334,-9.882444233333333,0.476426,0.576978,-9.8996,1.18268,1.07974,-9.6554,-0.107734,0.208287,-9.96424,0.07921849441341623,0.04191851457304001,0.0013110439437361543,0.62528009775,0.6873655071666667,-9.884061065,0.464455,0.567401,-9.90199,1.37421,1.32394,-9.6554,-0.107734,0.208287,-9.9786,0.09127232286332947,0.04719437339135339,0.0012261656569871658,0.5711323211111111,2.5290881071666664,-7.590388647222222,0.47882,0.581766,-9.89481,1.37421,9.97381,8.40808,-4.43387,-3.78268,-15.3917,0.10732248703834468,13.594909564025615,20.625595824459168
09:46 AM,,0.6943484600000001,0.7551107183333333,-9.883067033333333,0.78287,0.821176,-9.87805,0.897787,0.940881,-9.68892,0.406997,0.505155,-10.1127,0.0314733345892171,0.022450196901902166,0.0006583291481123969,0.5021430526666667,0.5973380076666667,-9.902909953333333,0.454879,0.560219,-9.90678,0.897787,0.940881,-9.68892,0.406997,0.505155,-10.1127,0.015594624923007562,0.010781635085887569,0.00030314509629658225,0.6234866546666666,0.6839477563333334,-9.887277473333333,0.471637,0.57219,-9.90199,1.18268,1.07974,-9.6554,-0.107734,0.208287,-10.1127,0.06508097877550666,0.03531007863308813,0.0011141892239199232,0.6425760623333333,0.70032695825,-9.8826637125,0.471637,0.57219,-9.8996,1.37421,1.32394,-9.6554,-0.107734,0.208287,-10.1127,0.08894707921850183,0.046539043645814154,0.0012158469395206124,0.5754929053888889,2.2279701994444445,-7.969805018888889,0.474032,0.579372,-9.8972,1.37421,9.97381,8.40808,-4.43387,-3.78268,-15.3917,0.10884312758614512,11.85307763698533,17.90255539601159
09:47 AM,,0.9108388166666667,0.9455333416666667,-9.855356016666667,0.912152,0.945669,-9.85411,0.962428,0.998339,-9.82538,0.86427,0.885817,-9.88284,0.0002498459734988869,0.00026538343617188366,9.166039495798282e-05,0.592097319,0.6737392996666667,-9.892750363333333,0.457273,0.562613,-9.90199,0.962428,0.998339,-9.68892,0.406997,0.505155,-10.1127,0.04061672493236536,0.029008171492834807,0.0006487563674237812,0.6069578363333333,0.6774948401666667,-9.889693133333333,0.471637,0.57219,-9.90199,1.18268,1.07974,-9.6554,-0.107734,0.208287,-10.1127,0.05259220562276534,0.0314924029360743,0.0008941896479235257,0.67091001975,0.7230890525833333,-9.879945649166666,0.486002,0.58416,-9.89481,1.37421,1.32394,-9.6554,-0.107734,0.208287,-10.1127,0.08729891558084543,0.04683026410195231,0.0012093522806852814,0.586758335,1.9328131819444443,-8.345622283888888,0.474032,0.579372,-9.8972,1.37421,9.92833,8.40808,-4.43387,-3.78268,-15.3917,0.11244242246304917,9.909359831365606,14.941007172742708
09:48 AM,,0.9406214133333334,0.9721038316666667,-9.850511866666666,0.940881,0.972004,-9.85172,0.979186,1.0127,-9.81581,0.909757,0.92891,-9.88045,0.00012184964240983863,0.00013817020254089875,0.00010007157213577914,0.6892969183333333,0.756316558,-9.881374596666667,0.78287,0.821176,-9.87805,0.979186,1.0127,-9.68892,0.406997,0.505155,-10.1127,0.05169876557379226,0.037386620073109,0.0008362601876998675,0.593090876,0.6731774656666667,-9.891682615,0.471637,0.57219,-9.90199,1.18268,1.07974,-9.6554,-0.107734,0.208287,-10.1127,0.041218490346983785,0.028744180179209353,0.0006943499221987919,0.7009485746666667,0.7472963848333334,-9.876903980833333,0.538672,0.622466,-9.88763,1.37421,1.32394,-9.6554,-0.107734,0.208287,-10.1127,0.08455688565920086,0.046583207520554615,0.0011945433499237674,0.5995648997222223,1.6379894702222222,-8.717848395555555,0.474032,0.579372,-9.8972,1.37421,9.92833,8.40808,-4.43387,-3.78268,-15.3917,0.11642175575005922,7.781171362655678,11.766028115214803
09:49 AM,,0.9402703616666667,0.9638721016666667,-9.851656933333334,0.952851,0.976792,-9.85172,1.02228,1.0558,-9.8182,0.859481,0.833146,-9.88523,0.0009262608894265746,0.001193798053233386,0.0001416435318152438,0.7868372983333334,0.8378954603333333,-9.86991497,0.902575,0.936093,-9.86129,1.02228,1.0558,-9.68892,0.406997,0.505155,-10.1127,0.04374317101315371,0.03154074876991573,0.000740882871823022,0.6253545468333334,0.7018184623333333,-9.887982976666667,0.471637,0.57219,-9.8996,1.02228,1.0558,-9.68892,0.406997,0.505155,-10.1127,0.04804517763606415,0.03436555234669036,0.0007477252123748315,0.731124992,0.7712259986666666,-9.8741316575,0.859481,0.881028,-9.86847,1.37421,1.32394,-9.6554,-0.107734,0.208287,-10.1127,0.07992050833499918,0.04497843536769113,0.0011723533793759496,0.6123438024444444,1.3428478808333333,-9.089877663888888,0.474032,0.579372,-9.8972,1.37421,9.92833,8.40808,-4.43387,-3.78268,-15.3917,0.12009238148899314,5.478634877452167,8.318877417007048
09:50 AM,,0.981305145,0.9853511699999999,-9.846270200000001,0.98158,0.986369,-9.84693,1.0151,1.02228,-9.81581,0.943275,0.945669,-9.87805,0.00016731199460498313,0.00013869690055535886,9.480917057762751e-05,0.8934768393333333,0.9243942326666666,-9.85737241,0.933698,0.964822,-9.85411,1.02228,1.0558,-9.68892,0.406997,0.505155,-10.1127,0.016998328308729094,0.012164086980897498,0.0003905252284347018,0.6752116493333333,0.7422767351666667,-9.882206873333333,0.474032,0.576978,-9.89242,1.02228,1.0558,-9.68892,0.406997,0.505155,-10.1127,0.056203668996900845,0.039307696801027865,0.0008613454437645597,0.7634882155833334,0.7963351053333333,-9.870811868333334,0.907363,0.921728,-9.86129,1.37421,1.32394,-9.6554,-0.107734,0.208287,-10.1127,0.07412291973263732,0.042493719712287756,0.0011260613536221073,0.6248618775555556,1.0488530853888889,-9.464303681666667,0.474032,0.579372,-9.8972,1.37421,9.92833,8.40808,-4.43387,-3.78268,-15.3917,0.12446359932558576,3.009282033889667,4.539022606717368
09:51 AM,,0.9872105266666666,0.988559225,-9.845691500000001,0.988763,0.988763,-9.84453,1.02467,1.06537,-9.81581,0.938487,0.904969,-9.87326,0.00019224380741164154,0.00017090374886581777,9.41384712020014e-05,0.9520492526666666,0.971083934,-9.849897303333334,0.955245,0.976792,-9.84932,1.02467,1.06537,-9.81581,0.859481,0.833146,-9.88523,0.0011433031075740172,0.0006239274541216844,0.00011715281083159642,0.7270961526666667,0.7842109708333334,-9.876403628333334,0.87624,0.907363,-9.86608,1.02467,1.06537,-9.68892,0.406997,0.505155,-10.1127,0.05897990154381966,0.040629156231643586,0.0009128163049693341,0.7963306545,0.8218458190833333,-9.867406881666668,0.931304,0.945669,-9.85651,1.37421,1.32394,-9.6554,-0.107734,0.208287,-10.1127,0.06617313032001212,0.038638924020134524,0.0010539381513552527,0.6383373242222222,0.7549221178888889,-9.838568751666667,0.474032,0.579372,-9.8972,1.37421,9.83256,8.40808,-4.43387,-3.78268,-15.3917,0.12856117227514616,0.36632278806068,0.4819555446002361
09:52 AM,,0.9845930183333333,0.9875536683333334,-9.846505500000001,0.983975,0.988763,-9.84693,1.00792,1.01749,-9.8182,0.95764,0.955245,-9.87566,7.179463006811057e-05,8.510198034891186e-05,9.635705317195092e-05,0.966800093,0.9794879993333333,-9.8481272,0.974398,0.983975,-9.84693,1.02467,1.06537,-9.81581,0.859481,0.833146,-9.88523,0.000762197193182745,0.00044092581818872895,0.00011129671479826337,0.779448706,0.8266136495,-9.870438781666667,0.921728,0.952851,-9.8589,1.02467,1.06537,-9.68892,0.406997,0.505155,-10.1127,0.05579240552083037,0.0380965567357136,0.0008778528508741192,0.803902988,0.8292118589999999,-9.8665749275,0.948063,0.95764,-9.85411,1.18268,1.07974,-9.6554,-0.107734,0.208287,-10.1127,0.06616488895456824,0.039030427157756925,0.0010534982869352973,0.668471977,0.7292923537222222,-9.880358946666666,0.486002,0.58416,-9.89481,1.37421,1.32394,-9.6554,-0.107734,0.208287,-10.1127,0.0890455344292571,0.05026761697205349,0.0012117187909232935
09:53 AM,,0.9478076816666666,0.9459083983333333,-9.853065366666668,0.92891,0.927713,-9.85411,1.01031,1.03904,-9.81581,0.885817,0.881028,-9.8996,0.0013918332362240367,0.001670088392376958,0.00015033624527434206,0.9682373466666666,0.9742489126666667,-9.8486379,0.979186,0.983975,-9.84932,1.02467,1.06537,-9.81581,0.859481,0.833146,-9.8996,0.0009488447856757137,0.0009341279225979051,0.00012481635757585554,0.8287671325,0.8652827353333333,-9.865006248333334,0.933698,0.962428,-9.85651,1.02467,1.06537,-9.68892,0.406997,0.505155,-10.1127,0.04577460031775624,0.031032787140350338,0.0007484256579846414,0.8021407325,0.82913245375,-9.866966958333334,0.936093,0.960034,-9.85651,1.18268,1.07974,-9.6554,-0.107734,0.208287,-10.1127,0.06564985310993644,0.03908732522743414,0.0010419518543361012,0.6870766489444444,0.7432524747777778,-9.878000897222222,0.538672,0.622466,-9.88763,1.37421,1.32394,-9.6554,-0.107734,0.208287,-10.1127,0.08874558334342889,0.05032000611648383,0.0011696559965447748
09:54 AM,,0.9123351083333333,0.9021402166666667,-9.860754366666667,0.912152,0.902575,-9.86129,0.936093,0.931304,-9.83256,0.885817,0.878634,-9.88523,6.373387107171661e-05,8.080958777935449e-05,8.684185469003639e-05,0.962650296,0.9619025356666666,-9.850457386666667,0.976792,0.98158,-9.84932,1.02467,1.06537,-9.81581,0.885817,0.878634,-9.8996,0.0012140817683238248,0.001578080017792658,0.00013810702831325641,0.8747437971666666,0.899898998,-9.860186178333334,0.933698,0.962428,-9.85411,1.02467,1.06537,-9.68892,0.406997,0.505155,-10.1127,0.030203720005744315,0.020401733561164856,0.0005340868535204366,0.7970704300833333,0.8258202135833334,-9.867800304166666,0.919334,0.940881,-9.8589,1.18268,1.07974,-9.6554,-0.107734,0.208287,-10.1127,0.06399009029007362,0.038371267308739854,0.0010163810186340123,0.7053135601111111,0.7564178868888889,-9.876219291111111,0.859481,0.879831,-9.87087,1.37421,1.32394,-9.6554,-0.107734,0.208287,-10.1127,0.08665114652794483,0.04913038385580886,0.001130458173240409
09:55 AM,,0.9143980616666667,0.9030619466666667,-9.858883200000001,0.914546,0.902575,-9.8589,0.938487,0.92891,-9.82778,0.888211,0.869058,-9.88763,7.007013759051465e-05,8.819699919581522e-05,8.947870259766004e-05,0.9492688793333334,0.945444691,-9.852979986666668,0.933698,0.92891,-9.85411,1.02467,1.06537,-9.81581,0.885817,0.869058,-9.8996,0.0014117243251078083,0.0018797120561155566,0.00014137264894946815,0.9213728593333333,0.9349194618333333,-9.855176198333334,0.933698,0.962428,-9.85411,1.02467,1.06537,-9.68892,0.406997,0.505155,-10.1127,0.009981809541576809,0.007131527922331598,0.0002707287561900219,0.7907442215,0.8216395190833333,-9.868810215833333,0.914546,0.912152,-9.8589,1.18268,1.07974,-9.6554,-0.107734,0.208287,-10.1127,0.06166169811586876,0.037356392206271655,0.000976722362291918,0.7239776849444445,0.7698834920555555,-9.874432776111112,0.900181,0.897787,-9.86608,1.37421,1.32394,-9.6554,-0.107734,0.208287,-10.1127,0.08365693490333842,0.047458145686612635,0.001093072149340368
09:56 AM,,0.9171113533333334,0.9032255866666666,-9.854900916666667,0.91694,0.902575,-9.85651,1.0151,1.02707,-9.81102,0.885817,0.821176,-9.89242,0.00016722505346092358,0.00017054171430967165,0.0001465753365539759,0.9352490446666667,0.9283779633333333,-9.85482187,0.919334,0.907363,-9.85651,1.0151,1.03904,-9.81102,0.885817,0.821176,-9.8996,0.0011289864790877005,0.0015729822791096914,0.00013856265902277058,0.9436491486666667,0.9497309486666666,-9.852359586666667,0.936093,0.962428,-9.85172,1.02467,1.06537,-9.81102,0.859481,0.821176,-9.8996,0.0012065289137628582,0.0015542977472635749,0.00013390027160775333,0.7835679016666667,0.8168393525,-9.86981853,0.912152,0.904969,-9.86129,1.18268,1.07974,-9.6554,-0.107734,0.208287,-10.1127,0.05876913295448187,0.03609230018221709,0.0009288328453595248,0.7429337577777778,0.7834616217222222,-9.872562337222222,0.909757,0.902575,-9.86369,1.37421,1.32394,-9.6554,-0.107734,0.208287,-10.1127,0.07984299037466425,0.045366721408688554,0.0010592574769027515
09:57 AM,,1.019894125,1.0034746133333334,-9.841896866666668,1.03664,1.02467,-9.83975,1.10129,1.06298,-9.80862,0.902575,0.881028,-9.88523,0.0018570816011446163,0.002322287047202493,0.00017970134742793513,0.942309266,0.9315621523333333,-9.853900143333334,0.919334,0.907363,-9.85411,1.10129,1.06298,-9.80862,0.885817,0.821176,-9.8996,0.002382012105062931,0.002437371189969117,0.00017394469064299986,0.9545546795,0.9555250758333333,-9.851013671666667,0.950457,0.972004,-9.85172,1.10129,1.06537,-9.80862,0.859481,0.821176,-9.8996,0.0017218177356483875,0.0020132260282491234,0.00015093003617488968,0.7807562579166667,0.816509958,-9.8703534025,0.912152,0.904969,-9.86129,1.18268,1.07974,-9.6554,-0.107734,0.208287,-10.1127,0.05736315711854494,0.03607823185195123,0.0008965726518356246,0.7654582396666667,0.800567727,-9.870301656666667,0.914546,0.907363,-9.8589,1.37421,1.32394,-9.6554,-0.107734,0.208287,-10.1127,0.07665126088502094,0.04389686657702597,0.001042540396199665
09:58 AM,,1.06867375,1.0556302833333333,-9.831534566666667,1.06777,1.0558,-9.83256,1.0965,1.08453,-9.79905,1.04383,1.01989,-9.8589,8.824817205759602e-05,0.00011873934766583189,9.358494004563717e-05,0.9664824796666667,0.9535065293333334,-9.849593983333333,0.921728,0.912152,-9.85172,1.10129,1.08453,-9.79905,0.885817,0.821176,-9.89242,0.004725716644805188,0.004684229039181533,0.00024399811740552212,0.9673599131666667,0.963877721,-9.849115941666668,0.96961,0.979186,-9.84932,1.10129,1.08453,-9.79905,0.859481,0.821176,-9.8996,0.0028375777741779895,0.0029162897529416486,0.00018460505975655407,0.7802253945833333,0.8185275933333334,-9.870399278333334,0.912152,0.904969,-9.86129,1.18268,1.08453,-9.6554,-0.107734,0.208287,-10.1127,0.05704844480405372,0.036957335984296145,0.0008924590359821734,0.7897523541666667,0.8194901635555556,-9.867641301111112,0.919334,0.91694,-9.85651,1.37421,1.32394,-9.6554,-0.107734,0.208287,-10.1127,0.07308854409786605,0.04245106005722465,0.0010294722980236438
09:59 AM,,1.08026855,1.0667627,-9.828809533333333,1.07974,1.06777,-9.83017,1.11086,1.0965,-9.80144,1.04143,1.03425,-9.86129,8.050100707596001e-05,0.00010431322107846416,9.464323283695677e-05,1.000069168,0.986431026,-9.843205016666667,1.03664,1.02467,-9.84214,1.11086,1.0965,-9.79905,0.885817,0.821176,-9.89242,0.005604358126172501,0.005642911434763578,0.00026623214998305043,0.981359732,0.9741667808333333,-9.846831201666667,0.98158,0.983975,-9.84693,1.11086,1.0965,-9.79905,0.885817,0.821176,-9.8996,0.0037587529948696543,0.0037603306589872967,0.00021528729815568852,0.8033571394166666,0.8379926215833333,-9.867407089166667,0.91694,0.912152,-9.8589,1.11086,1.0965,-9.68892,0.406997,0.505155,-10.1127,0.05758737023515541,0.03760629985168702,0.0009048685563483902,0.814536572,0.8388729260555555,-9.865031505555555,0.926516,0.931304,-9.85411,1.37421,1.32394,-9.6554,-0.107734,0.208287,-10.1127,0.06844739369628028,0.04039081692682174,0.0010189363995554781
10:00 AM,,1.0894741166666666,1.0731146166666667,-9.827640383333334,1.08931,1.07256,-9.82778,1.11804,1.09889,-9.79186,1.06059,1.03425,-9.85411,7.989560823344468e-05,0.0001061191751449639,9.895367013662395e-05,1.035084379,1.02044156,-9.836956453333334,1.06777,1.0534,-9.83496,1.11804,1.09889,-9.79186,0.885817,0.821176,-9.89242,0.004510631645418499,0.0046021548544652215,0.00022835729211853202,0.9921766291666667,0.9829431255,-9.84496822,0.986369,0.988763,-9.84453,1.11804,1.09889,-9.79186,0.885817,0.821176,-9.8996,0.004802066266072328,0.00464676019412177,0.0002490332595415237,0.83369413925,0.8626099303333333,-9.863587546666666,0.921728,0.92891,-9.85651,1.11804,1.09889,-9.68892,0.406997,0.505155,-10.1127,0.05561911835693077,0.036456681541972805,0.0009018512998894603,0.8397176867777778,0.8585377787222223,-9.862197318888889,0.940881,0.948063,-9.85411,1.37421,1.32394,-9.6554,-0.107734,0.208287,-10.1127,0.06263692824218735,0.037615882548717686,0.0009821177478087236
10:01 AM,,1.09573895,1.0789519833333334,-9.828270700000001,1.0965,1.07974,-9.82778,1.11804,1.11086,-9.79665,1.06777,1.03904,-9.85651,7.236472126627712e-05,0.00011468945532526451,0.00010010447697162713,1.0708098983333334,1.0555868393333334,-9.83163041,1.07974,1.06537,-9.83017,1.11804,1.11086,-9.79186,0.902575,0.881028,-9.88523,0.001166532207290428,0.0012914858511685761,0.00014137058666079298,1.0030294715,0.9919824013333334,-9.84322614,0.993551,0.995945,-9.84214,1.11804,1.11086,-9.79186,0.885817,0.821176,-9.8996,0.005742520105134378,0.00547819421944984,0.00027442665931028636,0.8650628120833334,0.8880966860833334,-9.859814884166667,0.933698,0.960034,-9.85411,1.11804,1.11086,-9.68892,0.406997,0.505155,-10.1127,0.05139489930820979,0.03384489518727881,0.0008687813767012909,0.8652302601666667,0.8785580131666667,-9.859346634444444,0.955245,0.960034,-9.85172,1.37421,1.32394,-9.6554,-0.107734,0.208287,-10.1127,0.055522994200640295,0.03401733223617522,0.0009240136939560153
10:02 AM,,1.0996974333333334,1.0836443333333334,-9.827692133333333,1.10129,1.08453,-9.82778,1.12523,1.11804,-9.79905,1.06777,1.0534,-9.85651,8.27954989104063e-05,0.00010222860790205913,9.562987357151608e-05,1.08677056,1.0716207833333333,-9.828789463333333,1.08692,1.07256,-9.82778,1.12523,1.11804,-9.79186,1.04143,1.01989,-9.86129,0.00020561813086335468,0.0002050724589727133,9.852103268955926e-05,1.014539913,1.0015914678333333,-9.841344803333334,1.0558,1.04383,-9.83975,1.12523,1.11804,-9.79186,0.885817,0.821176,-9.8996,0.006511735501546023,0.006225924100611401,0.00029387299206000146,0.8969943095,0.9141025586666667,-9.8558917925,0.950457,0.972004,-9.84932,1.12523,1.11804,-9.68892,0.406997,0.505155,-10.1127,0.04496759470117397,0.029814340633652195,0.0007974466253473761,0.8741152963333333,0.8866717286111111,-9.858164886111112,0.967216,0.967216,-9.84932,1.18268,1.11804,-9.6554,-0.107734,0.208287,-10.1127,0.056139122203092466,0.034698279477283475,0.0009417249117265521
10:03 AM,,1.1051759666666667,1.08737145,-9.826259766666666,1.10607,1.08692,-9.82778,1.1348,1.11326,-9.78708,1.07974,1.04862,-9.84932,6.806219071675e-05,0.0001047165686786313,9.36861835848715e-05,1.0940710033333334,1.0779690166666667,-9.827734503333334,1.0941,1.07734,-9.82778,1.1348,1.11804,-9.78708,1.04143,1.03425,-9.86129,0.00015052571873289995,0.0001604351139043572,9.720062149382767e-05,1.0302767415,1.015737773,-9.838664243333334,1.07495,1.05939,-9.83496,1.1348,1.11804,-9.78708,0.885817,0.821176,-9.89242,0.006508101001068524,0.006295301537740428,0.000290050061137649,0.929521937,0.9405102541666667,-9.851835245833334,0.96961,0.98158,-9.84693,1.1348,1.11804,-9.68892,0.406997,0.505155,-10.1127,0.03629154869319347,0.024322140099816716,0.0006926843504687625,0.8781860688333333,0.8913342268333333,-9.85753272,0.96961,0.974398,-9.84932,1.18268,1.11804,-9.6554,-0.107734,0.208287,-10.1127,0.05750090781606366,0.035894244681285895,0.0009693074794393296
10:04 AM,,1.1085917666666667,1.0901843833333333,-9.823466766666666,1.10847,1.08931,-9.82299,1.1348,1.11804,-9.79186,1.08453,1.0558,-9.84932,7.994788568836923e-05,0.0001199683672317753,9.688991139789342e-05,1.0997356466666668,1.0826533533333333,-9.82666595,1.09889,1.08213,-9.82778,1.1348,1.11804,-9.78708,1.06059,1.03425,-9.85651,0.00012238668501015888,0.00014633994627057928,9.991988585946122e-05,1.0499024073333334,1.0345421896666667,-9.834935483333334,1.08453,1.06777,-9.83256,1.1348,1.11804,-9.78708,0.885817,0.821176,-9.89242,0.005346660800709532,0.005209213086828832,0.00025144208114658565,0.96232310225,0.9672205938333334,-9.847560830833334,0.98158,0.986369,-9.84453,1.1348,1.11804,-9.68892,0.406997,0.505155,-10.1127,0.025444482923949626,0.017336981092413897,0.0005521444181195551,0.8813477558333334,0.8953942056111112,-9.856845363888889,0.96961,0.979186,-9.84932,1.18268,1.11804,-9.6554,-0.107734,0.208287,-10.1127,0.058647021857582526,0.03699796427279193,0.0010014080049456212
10:05 AM,,1.1120153166666666,1.0935362666666666,-9.822393216666667,1.11326,1.0941,-9.82299,1.1348,1.12044,-9.79186,1.07974,1.06298,-9.85411,7.572520090122399e-05,0.00010077109555481371,8.854630132193281e-05,1.1042438866666666,1.0867376833333333,-9.825616516666667,1.10368,1.08692,-9.82538,1.1348,1.12044,-9.78708,1.06777,1.03904,-9.85651,0.00011032400436194267,0.00013407633471129287,0.00010020201090336491,1.0696641328333334,1.0535896216666667,-9.831286485,1.09171,1.07495,-9.83017,1.1348,1.12044,-9.78708,0.885817,0.821176,-9.89242,0.0035060513826863037,0.0034666979979801945,0.00019640616688926363,0.9955184960833333,0.99425454175,-9.843231341666668,0.988763,0.993551,-9.84214,1.1348,1.12044,-9.68892,0.406997,0.505155,-10.1127,0.012241402039620788,0.008819616451417376,0.0003762394877072407,0.8837175252777778,0.8989562199444444,-9.856302305555555,0.96961,0.98158,-9.84693,1.18268,1.12044,-9.6554,-0.107734,0.208287,-10.1127,0.0595642416628603,0.0380154159523647,0.0010295046237523847
10:06 AM,,1.1163964,1.0975383333333333,-9.824691533333333,1.11565,1.0965,-9.82538,1.13959,1.12523,-9.79186,1.08931,1.06537,-9.85172,7.772035362938221e-05,0.00010954984396215913,0.00010495561100056533,1.1083753766666666,1.0904549533333334,-9.824900683333333,1.10847,1.08931,-9.82538,1.13959,1.12523,-9.78708,1.06777,1.04862,-9.85651,0.00010939375244226942,0.00013043819986444387,9.942012367428862e-05,1.0895926375,1.0730208963333334,-9.828265546666668,1.0965,1.07974,-9.82778,1.13959,1.12523,-9.78708,0.902575,0.881028,-9.88523,0.0009907067339317494,0.0010148405217408772,0.00013169947854758805,1.0166208930833334,1.0113759225,-9.840312566666666,1.00073,1.00313,-9.83975,1.13959,1.12523,-9.78708,0.859481,0.821176,-9.8996,0.006423845524548366,0.005084881578690386,0.0002779315936116939,0.8855761469444444,0.9022332004444444,-9.855967535555555,0.96961,0.98158,-9.84693,1.18268,1.12523,-9.6554,-0.107734,0.208287,-10.1127,0.0603210529354481,0.0389841364397837,0.0010468210555518074
10:07 AM,,1.1187344333333333,1.10216725,-9.823949466666667,1.11804,1.10368,-9.82299,1.14199,1.1372,-9.79426,1.08931,1.07016,-9.85172,6.815531286700041e-05,0.00010595121162353924,7.762169821258396e-05,1.1121827766666668,1.0941595366666668,-9.82415215,1.11326,1.0941,-9.82538,1.14199,1.1372,-9.78708,1.07974,1.04862,-9.85411,9.837129728921839e-05,0.00013561793833143283,9.388486810020814e-05,1.0994766683333332,1.08289016,-9.826470806666666,1.10129,1.08453,-9.82778,1.14199,1.1372,-9.78708,1.04143,1.01989,-9.86129,0.0003134414783963966,0.00029733682351165225,0.00010156397881243235,1.0270156739166667,1.0192076179166667,-9.838742239166667,1.0558,1.04383,-9.83735,1.14199,1.1372,-9.78708,0.859481,0.821176,-9.8996,0.006268578095448041,0.005210989294279453,0.0002768370916854446,0.8869963947222222,0.9053033586666667,-9.855725870555556,0.96961,0.98158,-9.84693,1.18268,1.1372,-9.6554,-0.107734,0.208287,-10.1127,0.060920698803210986,0.03991999975921176,0.0010595025516172089
10:08 AM,,1.12191035,1.1047647666666667,-9.822632933333333,1.12283,1.10607,-9.82299,1.14438,1.13241,-9.79426,1.09171,1.07256,-9.85651,7.296737834140236e-05,9.831495787534772e-05,9.834302209906164e-05,1.1155296533333334,1.0976382,-9.823426783333334,1.11565,1.09889,-9.82299,1.14438,1.1372,-9.79186,1.07974,1.0558,-9.85651,9.725480348098234e-05,0.00013551717441813942,9.386171325748263e-05,1.1048003283333334,1.0878036083333333,-9.825580643333334,1.10607,1.08931,-9.82538,1.14438,1.1372,-9.78708,1.04143,1.03425,-9.86129,0.00023900721384450445,0.0002446867931621245,0.00010015512907430935,1.03608012075,1.0258406646666667,-9.8373482925,1.07495,1.05939,-9.83496,1.14438,1.1372,-9.78708,0.859481,0.821176,-9.8996,0.006261024794291528,0.005420082919754866,0.0002808573360874565,0.8884170391666667,0.908286265,-9.855459733333333,0.96961,0.98158,-9.84693,1.18268,1.1372,-9.6554,-0.107734,0.208287,-10.1127,0.0615230648344331,0.04083322626617423,0.0010747423059680958
10:09 AM,,1.1243604333333332,1.10674415,-9.8218946,1.12523,1.10847,-9.82299,1.15396,1.13241,-9.79186,1.09889,1.06537,-9.85651,7.010865089705057e-05,0.00010605180829131853,9.550546127546673e-05,1.1186833866666666,1.1009501533333335,-9.82311235,1.11804,1.10129,-9.82299,1.15396,1.1372,-9.79186,1.07974,1.06298,-9.85651,9.131190216454358e-05,0.00012723849554166936,9.395564512588315e-05,1.1092095166666667,1.0918017533333333,-9.82488915,1.11086,1.09171,-9.82538,1.15396,1.1372,-9.78708,1.06059,1.03425,-9.85651,0.00019660065670917349,0.00022047359265793204,0.00010007915100267526,1.0452846243333334,1.0329842670833334,-9.835860175833334,1.08453,1.06777,-9.83256,1.15396,1.1372,-9.78708,0.885817,0.821176,-9.8996,0.006064244426515585,0.005450021249341363,0.00027804352217093643,0.9053079318333334,0.9225956655,-9.853234442777778,0.98158,0.986369,-9.84453,1.15396,1.1372,-9.68892,0.406997,0.505155,-10.1127,0.059245123032898125,0.03945979856889288,0.0010383350874165703
10:10 AM,,1.1273449666666666,1.1097963666666666,-9.82027865,1.12762,1.11086,-9.82059,1.15396,1.13959,-9.78947,1.0941,1.07256,-9.85651,6.932984841291047e-05,0.00010228766256983834,9.977381670534956e-05,1.1217493166666668,1.1042021733333334,-9.822689436666666,1.12283,1.10368,-9.82299,1.15396,1.13959,-9.78947,1.08931,1.06537,-9.85651,8.674547665860836e-05,0.00012162175206064226,9.752227947582212e-05,1.1129966016666666,1.0954699283333333,-9.824152976666667,1.11326,1.0965,-9.82538,1.15396,1.13959,-9.78708,1.06777,1.03904,-9.85651,0.00017514110565227233,0.00020409254520239767,0.00010098797180143067,1.0525866154166668,1.0392065269166666,-9.834560598333333,1.09171,1.07495,-9.83256,1.15396,1.13959,-9.78708,0.885817,0.821176,-9.8996,0.00613806686287842,0.00559105839243948,0.000283323646295862,0.9267949600555555,0.9402299296666666,-9.85044269,0.988763,0.993551,-9.84214,1.15396,1.13959,-9.68892,0.406997,0.505155,-10.1127,0.05447324488614225,0.03642220054864387,0.0009804701280376705
10:11 AM,,1.1298864833333333,1.1114444833333332,-9.820226783333334,1.13001,1.11086,-9.82059,1.15874,1.14199,-9.79426,1.10129,1.08213,-9.84932,7.305584320506419e-05,9.643506717835262e-05,9.547381350891167e-05,1.1244473333333334,1.1069834033333334,-9.821796486666667,1.12523,1.10607,-9.82059,1.15874,1.14199,-9.78947,1.08931,1.06537,-9.85651,8.604655540735804e-05,0.00011287387014070225,9.524221492813937e-05,1.116411355,1.0987191783333334,-9.823348585,1.11565,1.09889,-9.82299,1.15874,1.14199,-9.78708,1.06777,1.04862,-9.85651,0.00016229157691012648,0.0001899445552674084,9.972435554037325e-05,1.05972041325,1.0453507898333334,-9.8332873625,1.0965,1.07974,-9.83017,1.15874,1.14199,-9.78708,0.885817,0.821176,-9.8996,0.00616629050742626,0.005682255454835567,0.0002858474469891836,0.9488456597222222,0.9583041835,-9.847659451111111,1.00073,1.00313,-9.83975,1.15874,1.14199,-9.68892,0.406997,0.505155,-10.1127,0.048356316688394844,0.032484677576843875,0.0009079347767974253
10:12 AM,,1.1311236,1.1120469666666666,-9.817481299999999,1.13241,1.11326,-9.8182,1.15396,1.13959,-9.78708,1.10607,1.07016,-9.85411,6.843676164273798e-05,0.00011233327325431254,0.00010016902902504782,1.1269251666666666,1.1089593466666667,-9.820502853333334,1.12762,1.10847,-9.82059,1.15874,1.14199,-9.78708,1.09171,1.06537,-9.85651,8.234892281316004e-05,0.00011073195722556385,0.00010086965654401124,1.1195539716666667,1.1015594416666667,-9.822327501666667,1.12044,1.10129,-9.82299,1.15874,1.14199,-9.78708,1.07974,1.04862,-9.85651,0.00014468862051261587,0.00017792213716112397,0.0001006909265961047,1.0670469423333333,1.05157545475,-9.8318361525,1.10129,1.08453,-9.82778,1.15874,1.14199,-9.78708,0.885817,0.821176,-9.8996,0.0060851525844793815,0.005700263435071543,0.00028768749362955424,0.9711808635555556,0.9765881863333333,-9.844703695555555,1.0558,1.04383,-9.83735,1.15874,1.14199,-9.68892,0.406997,0.505155,-10.1127,0.04103368902432385,0.027744316912068728,0.0008155371633297174
10:13 AM,,1.1338652666666666,1.1148759333333333,-9.816571816666666,1.1348,1.11565,-9.81581,1.16114,1.13959,-9.79186,1.10368,1.08213,-9.84932,7.450011011240977e-05,0.00010926585221591529,9.703838751224961e-05,1.12931615,1.11098158,-9.81929063,1.13001,1.11086,-9.8182,1.16114,1.14199,-9.78708,1.0941,1.06537,-9.85651,8.154120808019352e-05,0.00011231188406495475,0.00010132299190040764,1.1224229016666667,1.10430989,-9.821358706666667,1.12283,1.10607,-9.82059,1.16114,1.14199,-9.78708,1.07974,1.0558,-9.85651,0.00013690789701316603,0.00016841274064467395,0.00010185373851704978,1.0763498215833334,1.0600238315,-9.830011475000001,1.10607,1.08931,-9.82778,1.16114,1.14199,-9.78708,0.885817,0.821176,-9.89242,0.005445133167761898,0.005193006224320135,0.0002708122086917745,0.9938222585555555,0.9951101327777778,-9.841676399444445,1.07495,1.05939,-9.83496,1.16114,1.14199,-9.68892,0.406997,0.505155,-10.1127,0.03250884670932456,0.02223306571950434,0.0007021399998304347
10:14 AM,,1.1330310166666666,1.1178247833333332,-9.817912316666666,1.13241,1.11804,-9.8182,1.15635,1.14677,-9.78708,1.0941,1.05819,-9.85172,8.248695138536468e-05,0.00013045626205648294,8.986572367251672e-05,1.1310502666666666,1.1131977066666667,-9.818494173333333,1.13001,1.11326,-9.8182,1.16114,1.14677,-9.78708,1.0941,1.05819,-9.85651,7.885290669778831e-05,0.00011805005909365324,9.858548614534455e-05,1.1248668266666666,1.10707393,-9.820803261666667,1.12523,1.10847,-9.82059,1.16114,1.14677,-9.78708,1.07974,1.05819,-9.85651,0.00012330952545086407,0.00016013072500926798,0.00010158729559413757,1.087384617,1.0708080598333334,-9.8278693725,1.11086,1.09171,-9.82538,1.16114,1.14677,-9.78708,0.885817,0.821176,-9.89242,0.004139790356245332,0.0039997711138064045,0.00022643406106967516,1.0165043437222223,1.0138383725555555,-9.838641641111112,1.08453,1.06777,-9.83496,1.16114,1.14677,-9.68892,0.406997,0.505155,-10.1127,0.022875156055148418,0.015957713367131043,0.0005610574526430157
10:15 AM,,1.13301925,1.11845105,-9.813591016666667,1.13241,1.11804,-9.81341,1.15635,1.14677,-9.77271,1.09889,1.08213,-9.84453,7.450992781719552e-05,0.0001019682688455759,0.00013101750664413478,1.1321851233333333,1.1149286433333334,-9.817156646666666,1.13241,1.11565,-9.8182,1.16114,1.14677,-9.77271,1.0941,1.05819,-9.85411,7.662808407948221e-05,0.00011819589415750791,0.00010720902416321687,1.12696722,1.1095654083333333,-9.819923041666666,1.12762,1.11086,-9.82059,1.16114,1.14677,-9.77271,1.08931,1.05819,-9.85651,0.00010890421734115694,0.0001486579194865114,0.00011000280503244402,1.0983156764166666,1.081577515,-9.825604763333333,1.11326,1.0941,-9.82538,1.16114,1.14677,-9.77271,0.885817,0.821176,-9.89242,0.0026283065289654578,0.0025909147618750983,0.00018547636934144324,1.0393347373888888,1.0326914972777779,-9.835461908333334,1.09171,1.07495,-9.83256,1.16114,1.14677,-9.68892,0.406997,0.505155,-10.1127,0.012036944694178545,0.008884091364428795,0.0004082177807627577
10:16 AM,,1.13514995,1.1173416666666667,-9.81395785,1.1348,1.11804,-9.81341,1.16114,1.14438,-9.78468,1.10847,1.08213,-9.83975,7.233547862854782e-05,0.00010051122693377833,9.925323259850259e-05,1.1332378166666666,1.11610808,-9.81590286,1.13241,1.11565,-9.81581,1.16114,1.14677,-9.77271,1.0941,1.05819,-9.85411,7.607719466461061e-05,0.0001163547449619205,0.00010655276060727536,1.128842575,1.1115457416666668,-9.818849673333332,1.13001,1.11086,-9.8182,1.16114,1.14677,-9.77271,1.08931,1.05819,-9.85651,0.00010036973200804314,0.0001354136027837276,0.00010956582506414058,1.10921760625,1.092283319,-9.82355761,1.11565,1.09889,-9.82299,1.16114,1.14677,-9.77271,0.902575,0.881028,-9.88523,0.0009306642637248548,0.0009461509806562939,0.0001427891131140021,1.0540281203888888,1.0447658622222222,-9.833158268888889,1.0965,1.07974,-9.83017,1.16114,1.14677,-9.77271,0.859481,0.821176,-9.8996,0.007114654371920336,0.005664859767394651,0.00032417410618694036
10:17 AM,,1.1354854666666667,1.1185865833333333,-9.814065833333332,1.1348,1.11804,-9.81341,1.15874,1.14677,-9.7775,1.10129,1.07974,-9.83975,6.997606121758503e-05,0.00010786682319838611,9.603130848637115e-05,1.13411019,1.1174160033333334,-9.815219766666667,1.1348,1.11804,-9.81581,1.16114,1.14677,-9.77271,1.0941,1.05819,-9.85172,7.573979746305455e-05,0.00011168078978991876,0.00010543624589419305,1.1305176783333333,1.113187675,-9.81786131,1.13001,1.11326,-9.8182,1.16114,1.14677,-9.77271,1.09171,1.05819,-9.85651,9.193947533908725e-05,0.000129069576807176,0.00011011467052899552,1.1149971733333333,1.0980389175,-9.822166058333334,1.12044,1.10129,-9.82299,1.16114,1.14677,-9.77271,1.04143,1.01989,-9.86129,0.00044357973555458506,0.0004426894108707663,0.00012436290657215398,1.0615163420555556,1.0505343036111112,-9.831781929444444,1.10129,1.08453,-9.83017,1.16114,1.14677,-9.77271,0.859481,0.821176,-9.8996,0.006590303525357575,0.0054797462887311394,0.00031815095189124764
10:18 AM,,1.1375922166666668,1.1199953666666667,-9.816316566666666,1.1372,1.12044,-9.81581,1.16114,1.14917,-9.78468,1.11086,1.08931,-9.84693,8.1695938817752e-05,9.599888934780175e-05,0.00010176692308403583,1.13485558,1.11843989,-9.815168716666667,1.1348,1.11804,-9.81581,1.16114,1.14917,-9.77271,1.0941,1.05819,-9.85172,7.903496118399487e-05,0.00010802248811727231,0.00010625302919612702,1.132085865,1.114710735,-9.817229673333333,1.13241,1.11565,-9.8182,1.16114,1.14917,-9.77271,1.0941,1.05819,-9.85651,8.794730100194217e-05,0.0001240577369992747,0.00010801896008664371,1.1184430966666667,1.1012571716666666,-9.821405158333333,1.12283,1.10368,-9.82059,1.16114,1.14917,-9.77271,1.04143,1.03425,-9.86129,0.00034960427270004716,0.0003653703502630524,0.00012151449793310049,1.0680820355,1.0554640214444444,-9.83064208611111,1.10607,1.08692,-9.82778,1.16114,1.14917,-9.77271,0.859481,0.821176,-9.8996,0.006251571980743393,0.005409820263492624,0.00031318674737300427
10:19 AM,,1.1398266,1.1206735166666666,-9.816515666666666,1.13959,1.12044,-9.8182,1.16353,1.14677,-9.78468,1.11804,1.08692,-9.84453,6.64660668848082e-05,9.452849395631595e-05,9.761855882026214e-05,1.1362146966666666,1.1190096366666666,-9.814889386666666,1.1372,1.11804,-9.81581,1.16353,1.14917,-9.77271,1.09889,1.07974,-9.84693,7.826507153183305e-05,0.00010144425278558396,0.00010658048251800075,1.1336324816666667,1.1161036716666666,-9.81669178,1.1348,1.11565,-9.81581,1.16353,1.14917,-9.77271,1.0941,1.05819,-9.85651,8.521483956459153e-05,0.00011817490195252247,0.00010581504757286885,1.1214209991666666,1.1039527125,-9.820790465,1.12523,1.10607,-9.82059,1.16353,1.14917,-9.77271,1.06059,1.03425,-9.85651,0.00029002873742145106,0.00031696824928811765,0.00011973913842865272,1.074733910111111,1.0606907352777777,-9.829470710555556,1.11086,1.09171,-9.82778,1.16353,1.14917,-9.77271,0.885817,0.821176,-9.8996,0.005805736334122595,0.005208015883149709,0.0003022800315690969
10:20 AM,,1.1418456000000001,1.1223653,-9.817740833333334,1.14199,1.12283,-9.8182,1.16353,1.15156,-9.78708,1.11565,1.07974,-9.84453,7.394157125876471e-05,0.0001010632152687812,9.545179229271659e-05,1.1379799666666668,1.1197924866666666,-9.81571935,1.1372,1.12044,-9.81581,1.16353,1.15156,-9.7775,1.10129,1.07974,-9.84693,7.933500673446724e-05,0.00010284084663203276,0.00010007718467239688,1.135082545,1.117360565,-9.816437998333333,1.1348,1.11804,-9.81581,1.16353,1.15156,-9.77271,1.0941,1.05819,-9.85411,8.63649980393151e-05,0.00011641517646018487,0.00010414236920487123,1.1240395733333333,1.1064152466666666,-9.8202954875,1.12523,1.10847,-9.82059,1.16353,1.15156,-9.77271,1.06777,1.03904,-9.85651,0.0002526995411963886,0.00028005048281272313,0.00011743808548614274,1.0800852586111112,1.0652578729444444,-9.828519731666667,1.11326,1.0941,-9.82538,1.16353,1.15156,-9.77271,0.885817,0.821176,-9.8996,0.005633150814055735,0.005123490136640393,0.0002965756446360426
10:21 AM,,1.14353805,1.1238375333333332,-9.818004433333334,1.14438,1.12283,-9.8182,1.16832,1.15396,-9.78947,1.11565,1.08931,-9.85172,6.804462640818045e-05,0.00010034088605898723,9.46314814813646e-05,1.1396575866666667,1.12109166,-9.816528666666667,1.13959,1.12044,-9.81581,1.16832,1.15396,-9.7775,1.10129,1.07974,-9.85172,8.0240818848772e-05,0.00010319027713677884,9.89227414693851e-05,1.1364477016666668,1.11859987,-9.816215763333332,1.1372,1.11804,-9.81581,1.16832,1.15396,-9.77271,1.0941,1.05819,-9.85411,8.84510573105492e-05,0.0001159642649939322,0.00010281855004233563,1.1264295283333334,1.1086595241666666,-9.819782174166667,1.12762,1.11086,-9.82059,1.16832,1.15396,-9.77271,1.06777,1.04862,-9.85651,0.00022573302991335672,0.0002517603730463363,0.0001139833590612626,1.0852961760555555,1.069767149888889,-9.827596829444445,1.11565,1.09889,-9.82538,1.16832,1.15396,-9.77271,0.885817,0.821176,-9.8996,0.005448538521168459,0.0050190990504651155,0.00028959664373335046
10:22 AM,,1.14358155,1.1249349666666666,-9.81515115,1.14438,1.12523,-9.81581,1.17071,1.15156,-9.78468,1.10847,1.09171,-9.83735,8.148326320283811e-05,0.0001056974574279356,9.715972071202619e-05,1.1412768033333334,1.1223613366666667,-9.81674573,1.14199,1.12283,-9.81581,1.17071,1.15396,-9.78468,1.10847,1.07974,-9.85172,7.951449938111607e-05,0.00010284405226407689,9.826711357163043e-05,1.1376934966666667,1.11988867,-9.815982748333333,1.1372,1.12044,-9.81581,1.17071,1.15396,-9.77271,1.0941,1.05819,-9.85172,9.045643544589675e-05,0.00011335964060453402,0.00010241693968661803,1.1286237341666667,1.1107240558333333,-9.819155125,1.13001,1.11086,-9.8182,1.17071,1.15396,-9.77271,1.07974,1.04862,-9.85651,0.00019983017687907266,0.0002296259037171922,0.00011161028205788774,1.0905957937777777,1.0743465265,-9.826551684444444,1.11924,1.10129,-9.82299,1.17071,1.15396,-9.77271,0.885817,0.821176,-9.8996,0.00519596291872318,0.0048749534392233665,0.0002817758293198413
10:23 AM,,1.1460516166666668,1.1251147,-9.815179166666667,1.14677,1.12523,-9.81581,1.17071,1.15396,-9.77989,1.11804,1.08931,-9.84453,7.159357183945473e-05,0.00010802404832387308,0.00010114900197552087,1.1429686833333335,1.1233852033333334,-9.81651825,1.14199,1.12283,-9.81581,1.17071,1.15396,-9.77989,1.10847,1.07974,-9.85172,7.647845618511737e-05,0.00010459399515704122,9.85460690605266e-05,1.1389121316666666,1.1209125466666667,-9.815843483333333,1.13959,1.12044,-9.81581,1.17071,1.15396,-9.77271,1.0941,1.05819,-9.85172,9.42021015562568e-05,0.00011240557080962376,0.0001028378656440025,1.1306675166666666,1.1126112183333334,-9.818601095,1.13241,1.11326,-9.8182,1.17071,1.15396,-9.77271,1.07974,1.0558,-9.85651,0.0001835247103422509,0.00020931524923643337,0.00010994232841168364,1.0972039249444445,1.0803200698888888,-9.825288811111111,1.12283,1.10368,-9.82299,1.17071,1.15396,-9.77271,0.885817,0.821176,-9.89242,0.004531220726655015,0.00432329269645503,0.0002594215233934083
10:24 AM,,1.1466063166666667,1.1265588,-9.814987499999999,1.14677,1.12762,-9.81581,1.17071,1.15396,-9.78468,1.12044,1.09171,-9.83975,7.403507372259328e-05,9.829828002671128e-05,9.262402378965513e-05,1.1443246266666667,1.12456226,-9.816212616666666,1.14438,1.12523,-9.81581,1.17071,1.15396,-9.77989,1.10847,1.07974,-9.85172,7.682320486224306e-05,0.00010450489792504171,9.792384553490688e-05,1.1402696616666668,1.1217859483333332,-9.815551001666666,1.13959,1.12283,-9.81581,1.17071,1.15396,-9.77271,1.09889,1.07974,-9.85172,9.397669408454484e-05,0.00011066660140089732,0.00010267292653442577,1.1325682441666667,1.1144299391666668,-9.818177131666667,1.13241,1.11565,-9.8182,1.17071,1.15396,-9.77271,1.07974,1.05819,-9.85651,0.00016795082999454907,0.00018950275951792558,0.00010901873305042561,1.1050129652222223,1.0878006893333334,-9.82376324888889,1.12523,1.10607,-9.82299,1.17071,1.15396,-9.77271,0.885817,0.821176,-9.89242,0.00341265750708274,0.0032808557697672513,0.00021889472887411262
10:25 AM,,1.1478433333333333,1.1277122166666667,-9.813786166666667,1.14917,1.12762,-9.81341,1.17311,1.15874,-9.77989,1.11804,1.09889,-9.83735,7.498363327768513e-05,0.00010413527871758493,8.93767829437991e-05,1.1455241733333335,1.1256316433333333,-9.815421683333334,1.14438,1.12523,-9.81581,1.17311,1.15874,-9.77989,1.10847,1.08931,-9.85172,7.683950781922871e-05,0.00010499398766200962,9.679535965294576e-05,1.1417520700000001,1.122712065,-9.815570516666666,1.14199,1.12283,-9.81581,1.17311,1.15874,-9.7775,1.10129,1.07974,-9.85172,9.230537597776313e-05,0.00011242545322797962,9.844201843613423e-05,1.134359645,1.1161387366666666,-9.817746779166667,1.1348,1.11804,-9.8182,1.17311,1.15874,-9.77271,1.08931,1.05819,-9.85651,0.00015524891398347384,0.0001737430533751033,0.00010895023898782232,1.1127944742777778,1.0952890316666666,-9.822260014444444,1.12523,1.10847,-9.82059,1.17311,1.15874,-9.77271,0.885817,0.821176,-9.89242,0.0022022151864910327,0.0021407317815691955,0.00017883377126487113
10:26 AM,,1.1484934833333333,1.1285181333333334,-9.814448883333332,1.14917,1.12762,-9.81581,1.1755,1.15635,-9.78947,1.12523,1.0941,-9.83975,7.390083676099056e-05,0.00011152662789538128,8.003331010323244e-05,1.14651526,1.1265677633333333,-9.814710573333333,1.14677,1.12762,-9.81581,1.1755,1.15874,-9.77989,1.10847,1.08931,-9.84453,7.800135551757259e-05,0.00010737447905700796,9.222854018468916e-05,1.1430864233333333,1.1238297116666667,-9.81561962,1.14438,1.12283,-9.81581,1.1755,1.15874,-9.7775,1.10129,1.07974,-9.85172,9.086677883726189e-05,0.0001127630047343196,9.638621249102113e-05,1.1359644991666666,1.1176877266666667,-9.817234646666666,1.1372,1.11804,-9.8182,1.1755,1.15874,-9.77271,1.08931,1.05819,-9.85651,0.00014633631757563083,0.00016180508587244476,0.00010557596523893245,1.1205072119444444,1.1027987832222221,-9.820911613333333,1.12762,1.10847,-9.82059,1.1755,1.15874,-9.77271,0.902575,0.881028,-9.88523,0.0009056357236055579,0.0008894955521647944,0.00014131863981048747
10:27 AM,,1.1496386666666667,1.1300782333333332,-9.812653266666667,1.14917,1.13001,-9.81341,1.17071,1.16114,-9.77032,1.12523,1.09889,-9.84214,7.496673811908742e-05,0.0001082669284262662,0.0001083357916483074,1.1477266833333333,1.1275964166666668,-9.814210996666667,1.14677,1.12762,-9.81341,1.1755,1.16114,-9.77032,1.11804,1.08931,-9.84453,7.546163257724803e-05,0.00010876132630182292,9.501906292763654e-05,1.1445017433333333,1.1249788766666666,-9.815478363333334,1.14438,1.12523,-9.81581,1.1755,1.16114,-9.77032,1.10847,1.07974,-9.85172,8.787712081425805e-05,0.00011263771032317612,9.823346439872796e-05,1.1375097108333334,1.1190832758333333,-9.816669836666666,1.1372,1.12044,-9.81581,1.1755,1.16114,-9.77032,1.09171,1.05819,-9.85651,0.0001387933979578794,0.0001556045775253763,0.00010558511258271085,1.12483203,1.107018903888889,-9.819936826666666,1.13001,1.11086,-9.82059,1.1755,1.16114,-9.77032,1.04143,1.01989,-9.86129,0.0005184602865839103,0.0004939490785529045,0.00012558665073278278
10:28 AM,,1.1485614166666667,1.1329553666666667,-9.808926333333332,1.14917,1.13241,-9.80862,1.17311,1.16353,-9.76553,1.12523,1.10368,-9.84453,7.564465191291031e-05,8.882378684362835e-05,0.00013005209504730355,1.1482286433333333,1.12916455,-9.81296043,1.14917,1.13001,-9.81341,1.1755,1.16353,-9.76553,1.11804,1.09171,-9.84453,7.559676571469381e-05,0.00010697992363871302,0.00010462739564698681,1.1455986633333333,1.1262748766666666,-9.81473934,1.14438,1.12523,-9.81581,1.1755,1.16353,-9.76553,1.10847,1.07974,-9.85172,8.294288369393795e-05,0.00011412092920632333,0.00010473484670552324,1.1388422641666667,1.1204928058333334,-9.815984506666666,1.13959,1.12044,-9.81581,1.1755,1.16353,-9.76553,1.0941,1.05819,-9.85651,0.00013109070542400154,0.0001525145375470948,0.0001079186071572251,1.1274949522222222,1.1095964066666666,-9.819183218888888,1.13241,1.11326,-9.8182,1.1755,1.16353,-9.76553,1.04143,1.03425,-9.86129,0.00042458887890210083,0.00042070295799673306,0.0001257897295570715
10:29 AM,,1.1478750666666666,1.1325483166666668,-9.811611616666667,1.14677,1.13241,-9.81102,1.17071,1.15874,-9.78708,1.11804,1.10607,-9.84214,6.907550684028946e-05,9.216206911491403e-05,8.90564820230979e-05,1.1484823933333335,1.1303624533333334,-9.812285253333332,1.14917,1.13001,-9.81341,1.1755,1.16353,-9.76553,1.11804,1.0941,-9.84453,7.404021214266982e-05,0.00010525116697014576,0.0001030007276450413,1.14640351,1.1274623566666666,-9.814248935,1.14677,1.12762,-9.81341,1.1755,1.16353,-9.76553,1.10847,1.07974,-9.85172,7.974161078169702e-05,0.00011327251253154425,0.00010430222855387279,1.1400179958333334,1.1217830141666667,-9.8154703575,1.13959,1.12283,-9.81581,1.1755,1.16353,-9.76553,1.0941,1.05819,-9.85651,0.000123249540770047,0.00014797168216331287,0.00010654187970384191,1.1297485027777778,1.1117892605555555,-9.818609955,1.13241,1.11565,-9.8182,1.1755,1.16353,-9.76553,1.06059,1.03425,-9.85651,0.0003586270422551177,0.00037188939948097074,0.00012409719707004267
10:30 AM,,1.15081585,1.1333303333333333,-9.809269083333334,1.14917,1.13241,-9.80862,1.1779,1.15874,-9.78229,1.12523,1.09889,-9.84214,8.365324334974943e-05,0.00010413654045631632,0.00010313101368252945,1.1490768966666667,1.1314860766666666,-9.811381836666666,1.14917,1.13241,-9.81102,1.1779,1.16353,-9.76553,1.11804,1.0941,-9.84453,7.642592977924863e-05,0.00010434549907381368,0.00010630083553850566,1.147300535,1.12855886,-9.81340176,1.14677,1.12762,-9.81341,1.1779,1.16353,-9.76553,1.10847,1.08931,-9.85172,7.977593131899488e-05,0.00011322232125394246,0.00010561194049248721,1.1411915400000001,1.1229597125,-9.814919879166666,1.14199,1.12283,-9.81581,1.1779,1.16353,-9.76553,1.0941,1.05819,-9.85411,0.00012038647171770999,0.00014616224531278647,0.00010717329223475815,1.1317932272222222,1.1137964511111111,-9.817997578333333,1.1348,1.11565,-9.8182,1.1779,1.16353,-9.76553,1.06777,1.03904,-9.85651,0.00031529568072841065,0.0003334021275791419,0.00012405131030277764
10:31 AM,,1.15355305,1.1337296000000001,-9.809077533333333,1.15396,1.1348,-9.80862,1.18508,1.15874,-9.78468,1.12523,1.0941,-9.83735,7.905121522287141e-05,9.767251970617714e-05,8.253718622593447e-05,1.15008881,1.13252837,-9.810307566666665,1.14917,1.13241,-9.81102,1.18508,1.16353,-9.76553,1.11804,1.0941,-9.84453,8.037075053407799e-05,9.97363255516174e-05,0.00010482683649105592,1.148302035,1.1295480666666666,-9.812509069999999,1.14917,1.13001,-9.81341,1.18508,1.16353,-9.76553,1.10847,1.08931,-9.84453,8.236595023381399e-05,0.00011242182876701687,0.00010335868914996293,1.1423748683333335,1.1240739683333334,-9.814362416666667,1.14199,1.12523,-9.81581,1.18508,1.16353,-9.76553,1.0941,1.05819,-9.85411,0.00012053561835085996,0.00014415177991732367,0.00010651520829375237,1.1337203638888889,1.1156223716666667,-9.817357806111112,1.1348,1.11804,-9.8182,1.18508,1.16353,-9.76553,1.06777,1.04862,-9.85651,0.0002842552448978571,0.0003022732428497999,0.00012219163722781637
10:32 AM,,1.1545224833333334,1.1365428,-9.808387866666667,1.15396,1.1372,-9.80862,1.1779,1.16114,-9.77511,1.12762,1.10129,-9.83496,8.047067345548125e-05,9.303120683806375e-05,0.00011190033066667022,1.1510655733333333,1.1338212833333334,-9.809454486666667,1.15156,1.1348,-9.80862,1.18508,1.16353,-9.76553,1.11804,1.0941,-9.84453,8.440794812066238e-05,9.704423326414383e-05,0.00010444727202716766,1.1493961283333334,1.13070885,-9.811832741666667,1.14917,1.13001,-9.81102,1.18508,1.16353,-9.76553,1.11804,1.08931,-9.84453,8.270897685633994e-05,0.00011257448252458761,0.00010537358219696769,1.1435448125,1.12529876,-9.813907745,1.14438,1.12523,-9.81341,1.18508,1.16353,-9.76553,1.0941,1.05819,-9.85172,0.00012081624070156903,0.0001422291599590633,0.0001081925999483096,1.1355478655555555,1.1173856538888889,-9.816714330555556,1.1372,1.11804,-9.81581,1.18508,1.16353,-9.76553,1.07974,1.04862,-9.85651,0.00025667553098475735,0.0002793590494418426,0.00012144102920902985
10:33 AM,,1.15421925,1.1377959166666667,-9.810698083333333,1.15396,1.1372,-9.81102,1.1779,1.16593,-9.77989,1.12762,1.10129,-9.83975,7.572870845158585e-05,9.4819418523929e-05,0.00011157931067752247,1.15219714,1.1347893933333333,-9.809808836666667,1.15156,1.1348,-9.80862,1.18508,1.16593,-9.77511,1.11804,1.0941,-9.84214,8.38790871827942e-05,0.00010031479396327691,0.00010088563895964555,1.1502128916666667,1.1319769716666668,-9.811384633333333,1.14917,1.13241,-9.81102,1.18508,1.16593,-9.76553,1.11804,1.09171,-9.84453,8.366253234365447e-05,0.00011154111549844717,0.00010522293742179658,1.1445625116666667,1.1264447591666666,-9.813614058333332,1.14438,1.12762,-9.81341,1.18508,1.16593,-9.76553,1.0941,1.05819,-9.85172,0.00012085436023821719,0.00014257193707008857,0.00010899248167007518,1.1371826416666666,1.1190664694444445,-9.816195607777777,1.13959,1.12044,-9.81581,1.18508,1.16593,-9.76553,1.07974,1.0558,-9.85651,0.0002351292442073867,0.00026006102762004516,0.00011993664515534417
10:34 AM,,1.1539479166666666,1.13689375,-9.811823166666667,1.15396,1.1372,-9.81102,1.1779,1.16832,-9.78229,1.12762,1.09171,-9.84693,8.199929431691688e-05,9.723212397746265e-05,9.180851215915764e-05,1.15341171,1.13565848,-9.809851146666666,1.15396,1.1348,-9.81102,1.18508,1.16832,-9.77511,1.12523,1.09171,-9.84693,8.186066386385449e-05,0.00010045302783221098,0.0001015950759104624,1.1509470516666667,1.1330104666666667,-9.8110682,1.15156,1.13241,-9.81102,1.18508,1.16832,-9.76553,1.11804,1.09171,-9.84693,8.401299739022887e-05,0.00010984809599822214,0.00010376231501250584,1.1456083566666666,1.1273982075,-9.813309600833334,1.14677,1.12762,-9.81341,1.18508,1.16832,-9.76553,1.09889,1.07974,-9.85172,0.00011749146852183247,0.000141748237781759,0.00010823331497525248,1.1386945133333333,1.1206234483333333,-9.815807487777777,1.13959,1.12044,-9.81581,1.18508,1.16832,-9.76553,1.07974,1.05819,-9.85651,0.00021503184848807176,0.0002396670008368214,0.0001184917797320649
10:35 AM,,1.1541115833333333,1.13737285,-9.8110768,1.15396,1.1372,-9.81102,1.1779,1.16114,-9.78708,1.12762,1.09889,-9.84214,7.145907478436266e-05,0.00010427646949332246,9.342728456761632e-05,1.1540708566666666,1.1364669833333334,-9.81021269,1.15396,1.1372,-9.81102,1.18508,1.16832,-9.77511,1.12523,1.09171,-9.84693,7.774031380405678e-05,9.933067475797512e-05,9.975892470547196e-05,1.1515738766666668,1.13397653,-9.810797263333333,1.15156,1.1348,-9.81102,1.18508,1.16832,-9.76553,1.11804,1.09171,-9.84693,8.330622090827352e-05,0.0001080245027762296,0.0001033544885587524,1.1466629733333333,1.1283442975,-9.81318389,1.14677,1.12762,-9.81341,1.18508,1.16832,-9.76553,1.10129,1.07974,-9.85172,0.00011191746214780126,0.0001419404784797005,0.00010658630616008517,1.1400977222222222,1.1220846677777778,-9.81543027388889,1.14199,1.12283,-9.81581,1.18508,1.16832,-9.76553,1.08931,1.05819,-9.85651,0.00019711677457698288,0.00022254177307702152,0.00011781213266013944
10:36 AM,,1.15566775,1.1393,-9.8083116,1.15635,1.13959,-9.80862,1.18029,1.16832,-9.75835,1.12523,1.09889,-9.84214,7.113010494574271e-05,0.00011081573789649432,0.00012438094968948458,1.1544937966666666,1.1375810633333334,-9.810059503333333,1.15396,1.1372,-9.81102,1.18029,1.16832,-9.75835,1.12523,1.09171,-9.84693,7.643580795464028e-05,0.00010082080297031256,0.00010855830895631107,1.1522913033333333,1.1350547166666667,-9.810183535,1.15156,1.1348,-9.81102,1.18508,1.16832,-9.75835,1.11804,1.09171,-9.84693,8.324199536721665e-05,0.00010664533977635185,0.00010669017408279218,1.1476888633333333,1.1294422141666667,-9.8129015775,1.14677,1.13001,-9.81341,1.18508,1.16832,-9.75835,1.10129,1.07974,-9.85172,0.00010823135127059479,0.00014119783902571826,0.00010891810179498172,1.1414067672222223,1.1234767233333334,-9.81488427611111,1.14199,1.12283,-9.81581,1.18508,1.16832,-9.75835,1.08931,1.05819,-9.85651,0.00018453893782902742,0.00021044024586600366,0.00011699055859591328
10:37 AM,,1.1591868666666667,1.14174605,-9.805893383333332,1.15874,1.14199,-9.80623,1.1779,1.16832,-9.77271,1.1348,1.10607,-9.83735,6.885527831274323e-05,0.0001007431822011688,9.533342876767001e-05,1.1554266733333334,1.1386217133333334,-9.809560606666667,1.15635,1.13959,-9.80862,1.18029,1.16832,-9.75835,1.12523,1.09171,-9.84693,7.765156372119576e-05,0.00010453273691012582,0.0001079137754904555,1.1532461233333333,1.1362214983333334,-9.809507546666666,1.15396,1.1372,-9.80862,1.18508,1.16832,-9.75835,1.11804,1.09171,-9.84693,8.577183961139066e-05,0.00010653367658442819,0.00010616563988780661,1.1488739333333333,1.1306001875,-9.812492955,1.14917,1.13001,-9.81341,1.18508,1.16832,-9.75835,1.10847,1.07974,-9.85172,0.00010593488276911964,0.0001411783295173037,0.00011110444050468869,1.1427551816666668,1.1247960166666666,-9.814282406666667,1.14438,1.12523,-9.81341,1.18508,1.16832,-9.75835,1.09171,1.05819,-9.85651,0.00017614678378831896,0.00020451522492332912,0.00011717301137526031
10:38 AM,,1.1579898,1.1408643833333334,-9.808614866666666,1.15874,1.14199,-9.80862,1.18508,1.18029,-9.77989,1.13001,1.10368,-9.83496,8.00953238330548e-05,0.0001044748557125767,9.8936729531444e-05,1.1561807833333333,1.1392354066666668,-9.809143963333334,1.15635,1.13959,-9.80862,1.18508,1.18029,-9.75835,1.12523,1.09171,-9.84693,7.897754079998865e-05,0.00010695431927438055,0.0001051350697485745,1.1541889616666667,1.1370124,-9.8094764,1.15396,1.1372,-9.80862,1.18508,1.18029,-9.75835,1.11804,1.09171,-9.84693,8.538275523106892e-05,0.00010855986371728646,0.00010310371565927965,1.1498938125,1.1316436383333333,-9.81210787,1.14917,1.13241,-9.81341,1.18508,1.18029,-9.75835,1.10847,1.07974,-9.85172,0.00010260564916060708,0.00014015712132264097,0.00011083583198243659,1.14395783,1.1259993372222221,-9.813815137777777,1.14438,1.12523,-9.81341,1.18508,1.18029,-9.75835,1.0941,1.05819,-9.85651,0.0001681900672059449,0.00019850327930402036,0.00011572067154055313
10:39 AM,,1.1594343666666667,1.14192175,-9.806304683333332,1.15874,1.14199,-9.80623,1.18268,1.17311,-9.7775,1.13241,1.10847,-9.83256,7.148425602559803e-05,0.00010743683549666134,9.535175983277855e-05,1.1572780733333334,1.1402410066666666,-9.808040266666666,1.15635,1.14199,-9.80862,1.18508,1.18029,-9.75835,1.12523,1.09889,-9.84214,7.679328691692763e-05,0.00010832770335440724,0.00010480095658108499,1.1553448916666667,1.1379497433333334,-9.808945706666666,1.15635,1.1372,-9.80862,1.18508,1.18029,-9.75835,1.12523,1.09171,-9.84693,8.305156634932192e-05,0.00010962372708863724,0.00010400077196261889,1.1508742008333332,1.13270605,-9.811597320833332,1.15156,1.13241,-9.81102,1.18508,1.18029,-9.75835,1.10847,1.07974,-9.85172,0.00010137854720693314,0.0001389374430177517,0.00011117446390239568,1.1451269611111112,1.1271719238888889,-9.81329547388889,1.14438,1.12762,-9.81341,1.18508,1.18029,-9.75835,1.0941,1.05819,-9.85651,0.00016205081003237845,0.0001932661526126857,0.00011514978162996985
10:40 AM,,1.1600210166666667,1.14314275,-9.807856633333333,1.16114,1.14438,-9.80862,1.18508,1.17071,-9.77032,1.12762,1.11086,-9.83496,8.331389863077328e-05,0.00010048000160684487,9.479898230272839e-05,1.15845996,1.1413949866666666,-9.807396233333334,1.15874,1.14199,-9.80862,1.18508,1.18029,-9.75835,1.12523,1.09889,-9.84214,7.726301640386771e-05,0.00010627607989312011,0.0001028220376247658,1.1562654083333332,1.138930985,-9.808804461666666,1.15635,1.13959,-9.80862,1.18508,1.18029,-9.75835,1.12523,1.09171,-9.84693,8.230560583423607e-05,0.00010885855683924844,0.00010325703421590264,1.1517829716666668,1.1337449225,-9.811103110833333,1.15156,1.1348,-9.81102,1.18508,1.18029,-9.75835,1.10847,1.08931,-9.85172,0.00010112792757982878,0.00013792867061654537,0.0001097100120987284,1.1462161627777778,1.12828347,-9.812881406666666,1.14677,1.12762,-9.81341,1.18508,1.18029,-9.75835,1.0941,1.05819,-9.85411,0.0001581840452060149,0.00019040888077469874,0.0001141732655471579
10:41 AM,,1.1328877333333334,1.1312878516666667,-9.811404,1.15396,1.1372,-9.80862,1.41491,1.48913,-9.67934,0.416573,0.802023,-10.0408,0.010107223405591542,0.0031160595463068422,0.0005428380333889864,1.1539039566666667,1.139792557,-9.808014713333334,1.15874,1.14199,-9.80862,1.41491,1.48913,-9.67934,0.416573,0.802023,-10.0408,0.0021903119633765807,0.0007235141005642727,0.0001890650583372706,1.1541988766666667,1.1386868101666667,-9.809037108333333,1.15635,1.13959,-9.80862,1.41491,1.48913,-9.67934,0.416573,0.802023,-10.0408,0.0011332719508352612,0.0004133216256137325,0.00014983234334549117,1.1512504558333334,1.1341174384166666,-9.810773089166666,1.15156,1.1348,-9.81102,1.41491,1.48913,-9.67934,0.416573,0.802023,-10.0408,0.0006164622046369356,0.0002837307176520121,0.00012959884635258264,1.1463162044444444,1.128944915611111,-9.812587313888889,1.14677,1.13001,-9.81341,1.41491,1.48913,-9.67934,0.416573,0.802023,-10.0408,0.0004891401750052583,0.000281311974280172,0.00012724906091597418
10:42 AM,,1.44662235,1.0977696433333333,-9.7831538,1.44604,1.09171,-9.78229,2.71491,1.67826,-9.58597,1.10847,0.967216,-10.2659,0.006268199408992488,0.0025123959827039626,0.0006146503331151898,1.2113910533333334,1.1309972756666666,-9.803466796666667,1.16114,1.1372,-9.80383,2.71491,1.67826,-9.58597,0.416573,0.802023,-10.2659,0.017259600886129864,0.0014803579115628624,0.00039485337783126635,1.1834088633333333,1.1348094945,-9.806513701666667,1.15874,1.13959,-9.80862,2.71491,1.67826,-9.58597,0.416573,0.802023,-10.2659,0.009450314692495404,0.0008068486630054709,0.0002606268500226693,1.1664024958333334,1.1327591722500001,-9.809173221666667,1.15396,1.1348,-9.81102,2.71491,1.67826,-9.58597,0.416573,0.802023,-10.2659,0.005055355231184415,0.00046387743195107605,0.00019005860092094373,1.1568328294444445,1.1284690048333332,-9.81144306388889,1.14917,1.13001,-9.81102,2.71491,1.67826,-9.58597,0.416573,0.802023,-10.2659,0.0035834591981681423,0.0003838384967296284,0.00017114234053706377
10:43 AM,,1.4853388333333333,1.0902801666666666,-9.778884316666666,1.48434,1.08931,-9.77989,1.51546,1.11326,-9.75116,1.45561,1.05819,-9.80623,0.00011908095155815221,8.802553352810257e-05,8.930194043377536e-05,1.27686086,1.1208804323333335,-9.797520686666667,1.16832,1.13001,-9.79905,2.71491,1.67826,-9.58597,0.416573,0.802023,-10.2659,0.027423615898370522,0.0016868964877166603,0.0004731586488781127,1.2165208216666668,1.1300579195,-9.803332325,1.15874,1.1372,-9.80623,2.71491,1.67826,-9.58597,0.416573,0.802023,-10.2659,0.017390531602013867,0.000981016201755646,0.00032287943038277194,1.1833668566666666,1.1310174455833333,-9.807358479166666,1.15396,1.1348,-9.80862,2.71491,1.67826,-9.58597,0.416573,0.802023,-10.2659,0.009835645916715182,0.0005471538986467595,0.00023024461312982875,1.168548615,1.1276491459444444,-9.810186813888889,1.14917,1.13001,-9.81102,2.71491,1.67826,-9.58597,0.416573,0.802023,-10.2659,0.007027497308806264,0.0004249156385140067,0.00020376746773579632
10:44 AM,,1.4682490466666667,0.9914001083333334,-9.789689316666667,1.4604,0.962428,-9.79426,9.61709,4.95578,-8.58045,-2.58563,-0.983975,-10.7758,0.15326138426016475,0.04274522307183966,0.005014999236427093,1.338623796,1.090776104,-9.794197613333333,1.42928,1.09889,-9.79426,9.61709,4.95578,-8.58045,-2.58563,-0.983975,-10.7758,0.05877441393366693,0.012562079066830795,0.001441562598369942,1.2479509346666666,1.1155085553333333,-9.80111894,1.16353,1.1348,-9.80383,9.61709,4.95578,-8.58045,-2.58563,-0.983975,-10.7758,0.037643636797595324,0.006945943456829411,0.0008209656406498403,1.1994489931666668,1.124259511,-9.80609357,1.15635,1.1348,-9.80862,9.61709,4.95578,-8.58045,-2.58563,-0.983975,-10.7758,0.021214887163209552,0.003604187367811697,0.00048707445034262966,1.1797225493333334,1.1234349901111111,-9.809246047222222,1.15156,1.13001,-9.81102,9.61709,4.95578,-8.58045,-2.58563,-0.983975,-10.7758,0.014952495714557042,0.002440969343699108,0.00037880511533195846
10:45 AM,,1.4865279833333334,0.9303865916666667,-9.792662183333332,1.48674,0.931304,-9.79186,1.51546,0.955245,-9.76074,1.45801,0.904969,-9.82059,9.519020944880337e-05,7.76975107061073e-05,9.259597402309173e-05,1.4039251893333333,1.0482248723333334,-9.791158723333334,1.46519,1.08692,-9.78947,9.61709,4.95578,-8.58045,-2.58563,-0.983975,-10.7758,0.0525057628844643,0.015344356282849653,0.00139503011137391,1.2811925746666666,1.0948099295,-9.799277478333334,1.16593,1.13001,-9.80144,9.61709,4.95578,-8.58045,-2.58563,-0.983975,-10.7758,0.0413529359716957,0.009894557720152556,0.0008147264029583552,1.2163832256666667,1.11439322975,-9.805037370833332,1.15635,1.13241,-9.80623,9.61709,4.95578,-8.58045,-2.58563,-0.983975,-10.7758,0.02491699621027393,0.005384411912620184,0.000492181315738795,1.191506173777778,1.1171661748333332,-9.808548419444444,1.15156,1.12762,-9.81102,9.61709,4.95578,-8.58045,-2.58563,-0.983975,-10.7758,0.01787943858337332,0.0036423585150903276,0.0003855784166194372
10:46 AM,,1.5045592,0.9205069883333333,-9.793579633333334,1.50349,0.919334,-9.79426,1.56095,0.945669,-9.76313,1.4604,0.890605,-9.82778,7.730975862437404e-05,7.214727274944632e-05,8.796938984863464e-05,1.4782594826666666,1.0060686996666666,-9.78759385,1.48195,0.962428,-9.78708,9.61709,4.95578,-8.58045,-2.58563,-0.983975,-10.7758,0.03230398267709939,0.014841757910411604,0.0012106361345890252,1.3160817196666668,1.0729306283333333,-9.797804281666666,1.18987,1.11326,-9.79905,9.61709,4.95578,-8.58045,-2.58563,-0.983975,-10.7758,0.043550283463392646,0.012252601398745656,0.0008040042284554043,1.2341865115,1.1039926725,-9.803993908333332,1.15874,1.13241,-9.80623,9.61709,4.95578,-8.58045,-2.58563,-0.983975,-10.7758,0.028522328583635334,0.007144039356457783,0.00049362392366857,1.2038198154444444,1.110605018888889,-9.807869145555555,1.15156,1.12762,-9.80862,9.61709,4.95578,-8.58045,-2.58563,-0.983975,-10.7758,0.020889017986398296,0.00488759519946317,0.00039123523728311
10:47 AM,,1.5150969,0.9140469,-9.794122266666665,1.51546,0.914546,-9.79426,1.53941,0.936093,-9.76074,1.47955,0.883422,-9.83017,6.697535531552605e-05,7.799560401669437e-05,9.147310403561246e-05,1.4919543926666667,0.969324151,-9.789787543333333,1.49392,0.931304,-9.79186,9.61709,4.95578,-8.58045,-2.58563,-0.983975,-10.7758,0.030949020157451625,0.013016708803954852,0.001105909117770708,1.351672723,1.0501607133333333,-9.796627169999999,1.45082,1.09171,-9.79665,9.61709,4.95578,-8.58045,-2.58563,-0.983975,-10.7758,0.04378251968269838,0.01378296415053558,0.0007970444544001643,1.2524594231666666,1.0931911058333332,-9.803067358333333,1.16114,1.13241,-9.80383,9.61709,4.95578,-8.58045,-2.58563,-0.983975,-10.7758,0.03177641696876099,0.008795939129039221,0.0004930468926459845,1.216473529888889,1.1037870294444445,-9.80720436,1.15396,1.12762,-9.80862,9.61709,4.95578,-8.58045,-2.58563,-0.983975,-10.7758,0.02380309153819178,0.00612589792387246,0.00039566111440786985
10:48 AM,,1.4156144216666666,0.8901298516666667,-9.8098636,1.51307,0.902575,-9.80144,1.56574,1.04143,-9.67695,0.952851,0.744565,-9.89002,0.01982930645558317,0.0008790778130280436,0.0005944763292554408,1.4780095103333333,0.929294088,-9.795983399999999,1.5011,0.921728,-9.79426,9.61709,4.95578,-8.58045,-2.58563,-0.983975,-10.7758,0.035848473700376686,0.009899486422038936,0.0012252602878692913,1.3774351851666666,1.0250872601666667,-9.796752043333333,1.46998,1.07734,-9.79665,9.61709,4.95578,-8.58045,-2.58563,-0.983975,-10.7758,0.04174765227588353,0.01497008723935204,0.0008496588209282765,1.2658120734166667,1.0810498300833333,-9.803114221666666,1.16114,1.13001,-9.80383,9.61709,4.95578,-8.58045,-2.58563,-0.983975,-10.7758,0.03337553180037439,0.010670765459742191,0.0005168222530819549,1.2257409367222223,1.096124845611111,-9.806989261111111,1.15396,1.12762,-9.80862,9.61709,4.95578,-8.58045,-2.58563,-0.983975,-10.7758,0.02548895140215717,0.007606219543286514,0.0004094798636131358
10:49 AM,,1.1005033383333334,0.8155696733333333,-9.852251633333333,1.0965,0.813994,-9.85411,2.52099,2.52817,-9.18616,-0.7709,-0.308839,-10.1175,0.017108705269556455,0.013314265257639353,0.0016953472848069001,1.4044603686666666,0.894128001,-9.808495863333333,1.49871,0.914546,-9.79905,2.52099,2.52817,-9.18616,-0.7709,-0.308839,-10.1175,0.03173560358139655,0.004599901921338111,0.0010311097121587219,1.3715420823333333,0.9924520525,-9.801346738333333,1.46998,0.938487,-9.79665,9.61709,4.95578,-8.58045,-2.58563,-0.983975,-10.7758,0.046331259206270264,0.018248790732416482,0.0012872485729070208,1.263443487,1.0652008979166667,-9.8051462225,1.16114,1.12762,-9.80383,9.61709,4.95578,-8.58045,-2.58563,-0.983975,-10.7758,0.0348915014652406,0.014471277811156593,0.0007100039819206575,1.2244301613333333,1.0859547175,-9.808180459999999,1.15396,1.12762,-9.80862,9.61709,4.95578,-8.58045,-2.58563,-0.983975,-10.7758,0.02633118066943405,0.010546493763067754,0.0005265006026774421
10:50 AM,,1.0880775,0.8146998283333333,-9.853253066666667,1.08931,0.813994,-9.85411,1.10847,0.840329,-9.8182,1.06537,0.78287,-9.88523,6.44965626878132e-05,6.605256042290221e-05,0.00010416232680689732,1.324770272,0.8709906483333333,-9.82061404,1.49392,0.900181,-9.80862,2.52099,2.52817,-9.18616,-0.7709,-0.308839,-10.1175,0.04405567550889431,0.005061223341523171,0.0012371379631994847,1.3643477306666667,0.9596077603333333,-9.805886381666667,1.46998,0.926516,-9.79665,9.61709,4.95578,-8.58045,-2.58563,-0.983975,-10.7758,0.04983930740936035,0.0180553906532451,0.0015328047300460156,1.2603065695,1.0492693726666666,-9.807345421666666,1.16114,1.12523,-9.80623,9.61709,4.95578,-8.58045,-2.58563,-0.983975,-10.7758,0.03578419160605484,0.017121242414022124,0.0008200916823457324,1.2226378913333333,1.0756992017777778,-9.80936420111111,1.15396,1.12762,-9.80862,9.61709,4.95578,-8.58045,-2.58563,-0.983975,-10.7758,0.026720070349835846,0.012848730464880557,0.0005900640626430404
10:51 AM,,1.0869599833333334,0.816447535,-9.849606033333334,1.08692,0.816388,-9.84932,1.11326,0.859481,-9.75595,1.06059,0.787659,-9.89481,6.529627128519765e-05,7.399226426922393e-05,0.0001257989411674979,1.2412504286666666,0.8501787576666666,-9.83181932,1.09889,0.82357,-9.84453,2.52099,2.52817,-9.18616,-0.7709,-0.308839,-10.1175,0.041922936625403376,0.004732964169003942,0.0011410362365497993,1.3597549556666666,0.9281237286666667,-9.809706585,1.46998,0.91694,-9.79665,9.61709,4.95578,-8.58045,-2.58563,-0.983975,-10.7758,0.05115293690701253,0.01586216078368266,0.0016646947384775358,1.2569769161666666,1.0334052694166667,-9.809371846666666,1.16114,1.11086,-9.80623,9.61709,4.95578,-8.58045,-2.58563,-0.983975,-10.7758,0.03670513140926674,0.019222189586273523,0.0009072999884055315,1.2207519557777777,1.0654528685,-9.810417587777778,1.15396,1.12762,-9.80862,9.61709,4.95578,-8.58045,-2.58563,-0.983975,-10.7758,0.027121501433501904,0.0149061181870486,0.0006414861946808958
10:52 AM,,1.07980189,0.8150190333333334,-9.849641966666667,1.07974,0.813994,-9.84932,1.22338,0.892999,-9.80383,0.871452,0.663165,-9.89002,0.00027872567038854775,0.0001921124909705066,0.00011112839078352567,1.1541914266666666,0.8303731843333333,-9.842923260000001,1.09171,0.818782,-9.84932,2.52099,2.52817,-9.18616,-0.7709,-0.308839,-10.1175,0.024594918424853573,0.003794589302765276,0.0008008656492554922,1.3230729096666667,0.8998486676666667,-9.816355401666666,1.46758,0.907363,-9.80383,9.61709,4.95578,-8.58045,-2.58563,-0.983975,-10.7758,0.056293049443242045,0.013231895270620991,0.0016591972170081819,1.2532408865,1.0173290810833333,-9.811434551666666,1.16114,1.09171,-9.80623,9.61709,4.95578,-8.58045,-2.58563,-0.983975,-10.7758,0.03774586040210746,0.020821584740098018,0.0009840488169670888,1.218625967111111,1.055122337388889,-9.811567281666667,1.15396,1.12523,-9.80862,9.61709,4.95578,-8.58045,-2.58563,-0.983975,-10.7758,0.027587292922485834,0.016775010701454974,0.0006911701814263073
10:53 AM,,1.0819087166666668,0.81590086,-9.84944245,1.08213,0.816388,-9.84932,1.11804,0.840329,-9.82059,1.04862,0.790053,-9.87805,6.803726796633289e-05,8.119373323245424e-05,9.070264991402097e-05,1.0874502856666666,0.815527386,-9.85083903,1.08692,0.815191,-9.85172,2.52099,2.52817,-9.18616,-0.7709,-0.308839,-10.1175,0.003564423180030738,0.002742247715647553,0.0004274066807193373,1.282729898,0.872410737,-9.823411215,1.19466,0.840329,-9.83496,9.61709,4.95578,-8.58045,-2.58563,-0.983975,-10.7758,0.05784364722498476,0.009556068412211531,0.00157860617650321,1.2496253598333333,1.00123432825,-9.81337177,1.15874,1.07734,-9.80862,9.61709,4.95578,-8.58045,-2.58563,-0.983975,-10.7758,0.03870995617550664,0.02186500396280974,0.0010514624240857864,1.2164878704444444,1.044815209388889,-9.812709391111111,1.15396,1.12523,-9.80862,9.61709,4.95578,-8.58045,-2.58563,-0.983975,-10.7758,0.028030113394599026,0.01841223806500027,0.0007369034322310549
10:54 AM,,1.0818527666666666,0.81512677,-9.849669983333333,1.08213,0.815191,-9.84932,1.10368,0.842723,-9.8182,1.05819,0.787659,-9.88045,5.846175326766847e-05,7.612598724918214e-05,8.901193973260737e-05,1.0837201713333333,0.8154388053333333,-9.8503227,1.08453,0.816388,-9.84932,1.22338,0.892999,-9.75595,0.871452,0.663165,-9.89481,0.00011718506597463661,9.817511158263262e-05,0.0001061756275191702,1.24409027,0.8547834031666667,-9.829409281666667,1.0941,0.82357,-9.84214,2.52099,2.52817,-9.18616,-0.7709,-0.308839,-10.1175,0.041646595171129286,0.003896902366015959,0.001005991853976344,1.2460206023333333,0.98514597925,-9.815264110833333,1.15874,0.938487,-9.80862,9.61709,4.95578,-8.58045,-2.58563,-0.983975,-10.7758,0.03964553844281893,0.022416788649741132,0.0011135051508553014,1.2143294187777778,1.0344341417222223,-9.813865473888889,1.15396,1.12283,-9.81102,9.61709,4.95578,-8.58045,-2.58563,-0.983975,-10.7758,0.028466399793999512,0.019839638440586227,0.0007808123286714778
10:55 AM,,1.083054,0.8174011716666667,-9.848050050000001,1.08213,0.816388,-9.848125,1.11086,0.845117,-9.81341,1.05819,0.778082,-9.88045,7.0270903839733e-05,8.300470283024785e-05,0.00010982913605759356,1.0827154713333333,0.815979074,-9.849282096666666,1.08213,0.816388,-9.84932,1.22338,0.892999,-9.75595,0.871452,0.663165,-9.89481,0.00011361889283745751,0.00010193020974110457,0.000105539610974311,1.2037428716666667,0.8434848611666667,-9.834948068333334,1.09171,0.821176,-9.84453,2.52099,2.52817,-9.18616,-0.7709,-0.308839,-10.1175,0.03673103912309771,0.0033378408845123105,0.0008767254966681227,1.2424677231666668,0.9691473953333334,-9.817112773333333,1.15874,0.926516,-9.81102,9.61709,4.95578,-8.58045,-2.58563,-0.983975,-10.7758,0.04053847287924246,0.022408036432006714,0.0011637797248690435,1.2121697743333333,1.0240904402222222,-9.815007603333333,1.15396,1.12044,-9.81102,9.61709,4.95578,-8.58045,-2.58563,-0.983975,-10.7758,0.028888696895578717,0.021012091931754635,0.0008191432391692884
10:56 AM,,1.136490425,0.8235539816666667,-9.8436687,1.16353,0.818782,-9.84453,2.15229,1.36703,-9.1263,-0.746959,0.023941,-10.297,0.014725014487967654,0.003436561322415356,0.002947133912163603,1.0926215596666666,0.8174003633333333,-9.84809463,1.08213,0.816388,-9.84932,2.15229,1.36703,-9.1263,-0.746959,0.023941,-10.297,0.003518426265104808,0.0007829620663574416,0.0006739266028640521,1.1669359941666666,0.8337895605,-9.839956975,1.08931,0.818782,-9.84693,2.52099,2.52817,-9.1263,-0.7709,-0.308839,-10.297,0.02824044980146071,0.0030261539393992396,0.0009735626152352566,1.2415088569166666,0.9533600944166667,-9.818880628333334,1.15874,0.91694,-9.81341,9.61709,4.95578,-8.58045,-2.58563,-0.983975,-10.7758,0.041453950425920434,0.021937045107669976,0.0013329587599852119,1.2117696723888889,1.0139249685,-9.815981597222223,1.15396,1.10847,-9.81102,9.61709,4.95578,-8.58045,-2.58563,-0.983975,-10.7758,0.029431879957798047,0.021996450506057624,0.0009409836238224399
10:57 AM,,1.1862201116666666,0.7851606783333334,-9.840592233333334,1.18747,0.78287,-9.84214,1.74051,1.00552,-9.44472,0.304051,0.399814,-10.1821,0.0033339151971277436,0.0009856132888963578,0.0007513922788102383,1.113905204,0.8114286923333334,-9.846284683333334,1.08692,0.813994,-9.84693,2.15229,1.36703,-9.1263,-0.746959,0.023941,-10.297,0.005395346899274142,0.0011125920590746995,0.0008093135222071223,1.1340483153333334,0.8209009383333333,-9.844603971666666,1.08931,0.816388,-9.84693,2.52099,2.52817,-9.1263,-0.7709,-0.308839,-10.297,0.015398445626301282,0.002542920081657807,0.0008077806443499248,1.2428605191666666,0.9355308258333334,-9.820615570833333,1.16114,0.907363,-9.8182,9.61709,4.95578,-8.58045,-2.58563,-0.983975,-10.7758,0.04142909903537725,0.021303368014674556,0.001377837008241519,1.212989053888889,1.0024277166666666,-9.816912896111111,1.15635,1.09171,-9.81102,9.61709,4.95578,-8.58045,-2.58563,-0.983975,-10.7758,0.02943192757117694,0.023188243371738377,0.000981338226519583
10:58 AM,,1.2000104166666667,0.7804442816666667,-9.840528283333335,1.19944,0.780476,-9.83975,1.22099,0.809205,-9.79426,1.1779,0.754141,-9.86608,7.107977829020602e-05,7.794720092053134e-05,9.22818773486362e-05,1.137525544,0.8043373766666667,-9.84450185,1.1372,0.806811,-9.84453,2.15229,1.36703,-9.1263,-0.746959,0.023941,-10.297,0.006116340746075422,0.0012497094668524064,0.0008110838668331089,1.1124879148333333,0.8099323813333333,-9.84767044,1.08931,0.813994,-9.84932,2.52099,2.52817,-9.1263,-0.7709,-0.308839,-10.297,0.005466562470431318,0.002026955168134274,0.0006291836852206009,1.24496155,0.91750982075,-9.822211241666666,1.16593,0.849905,-9.82778,9.61709,4.95578,-8.58045,-2.58563,-0.983975,-10.7758,0.04115586652507676,0.02007168289523039,0.0013875844280106147,1.2147040205555555,0.9906773471666667,-9.817966294444444,1.15635,1.07734,-9.81341,9.61709,4.95578,-8.58045,-2.58563,-0.983975,-10.7758,0.02929607782398791,0.024124501520746685,0.0009954358303816714
10:59 AM,,1.2052893333333334,0.779734035,-9.838972133333334,1.20423,0.780476,-9.83975,1.23057,0.802023,-9.81102,1.18268,0.749353,-9.86608,6.416739755147458e-05,7.49652568351668e-05,9.401771731107513e-05,1.1622128573333332,0.7972588296666667,-9.84236228,1.18987,0.790053,-9.84214,2.15229,1.36703,-9.1263,-0.746959,0.023941,-10.297,0.00580640782421972,0.001297170382886949,0.0008082782916321426,1.1229665143333334,0.8063488175,-9.84634249,1.08931,0.811599,-9.84693,2.15229,1.36703,-9.1263,-0.746959,0.023941,-10.297,0.004501834924309846,0.0007801981014794404,0.0004729954548090325,1.2472542983333332,0.899400435,-9.823844614166667,1.18508,0.828358,-9.83256,9.61709,4.95578,-8.58045,-2.58563,-0.983975,-10.7758,0.04086316948986732,0.01817302660612862,0.0013862452643065078,1.2166178294444445,0.9789168711111111,-9.818878311666667,1.15874,0.940881,-9.81341,9.61709,4.95578,-8.58045,-2.58563,-0.983975,-10.7758,0.0291463277510263,0.0247979814995827,0.0010081319704534596
11:00 AM,,1.21091535,0.77868462,-9.839127766666667,1.21141,0.778082,-9.83975,1.24493,0.809205,-9.81102,1.18508,0.746959,-9.87326,6.978185196410669e-05,8.769862590544228e-05,9.380358465331233e-05,1.1877851273333333,0.7895155193333333,-9.840577823333334,1.19944,0.78287,-9.83975,2.15229,1.36703,-9.1263,-0.746959,0.023941,-10.297,0.004373053018499286,0.0012259824833420736,0.0007975129189351001,1.1352502993333333,0.8027472966666667,-9.84492996,1.0941,0.806811,-9.84453,2.15229,1.36703,-9.1263,-0.746959,0.023941,-10.297,0.005003330218375796,0.0008389547849558149,0.00047039524897322704,1.249799015,0.8811775285,-9.825408170833333,1.19466,0.821176,-9.83735,9.61709,4.95578,-8.58045,-2.58563,-0.983975,-10.7758,0.04054153531622496,0.015598199305686495,0.0013826485291565948,1.2186211461111112,0.9670953473333334,-9.81987360111111,1.16114,0.926516,-9.81581,9.61709,4.95578,-8.58045,-2.58563,-0.983975,-10.7758,0.028998598582870256,0.025199356258803294,0.0010174215946428277
11:01 AM,,1.2180974666666666,0.7774755883333333,-9.837064983333335,1.2186,0.778082,-9.83735,1.24254,0.804417,-9.80383,1.19466,0.739776,-9.86847,6.983934482359465e-05,7.771301231271827e-05,0.00012350586043378134,1.2041065356666667,0.7802998406666667,-9.839257080000001,1.20423,0.780476,-9.83975,1.74051,1.00552,-9.44472,0.304051,0.399814,-10.1821,0.0008368742376866234,0.00026735276499161,0.00023235307363147798,1.1483640476666668,0.798850102,-9.843675855,1.18508,0.797235,-9.84453,2.15229,1.36703,-9.1263,-0.746959,0.023941,-10.297,0.00528503017477119,0.0008692394319762587,0.00047259312965725004,1.2540595016666667,0.8634869153333333,-9.82669122,1.20184,0.818782,-9.83735,9.61709,4.95578,-8.58045,-2.58563,-0.983975,-10.7758,0.03938909179755096,0.012543268734760896,0.0013570567408900229,1.2207726266666667,0.9552202136111111,-9.82080651611111,1.16353,0.91694,-9.8182,9.61709,4.95578,-8.58045,-2.58563,-0.983975,-10.7758,0.028852535619392033,0.02533063650455935,0.0010238812543266632
11:02 AM,,1.2369195166666667,0.7777070266666667,-9.8366457,1.23775,0.778082,-9.83735,1.31675,0.861876,-9.80144,1.08692,0.706259,-9.89002,0.0003459669415022259,0.0001924030413415247,0.00010751576511853349,1.2142464166666667,0.7788091103333333,-9.838467773333333,1.21141,0.778082,-9.83975,1.31675,0.861876,-9.79426,1.08692,0.706259,-9.89002,0.0002886341476422694,0.00010331715175541157,0.00010413398590392507,1.1640758103333333,0.7951189013333333,-9.842376228333334,1.19466,0.787659,-9.84214,2.15229,1.36703,-9.1263,-0.746959,0.023941,-10.297,0.005359026104155386,0.0008739068874915135,0.0004719261876558059,1.24357436,0.8474837845,-9.829365815000001,1.20184,0.816388,-9.83975,9.61709,4.95578,-8.58045,-2.58563,-0.983975,-10.7758,0.03714401483440943,0.009794622803168658,0.0012347578603074812,1.2235191944444443,0.9432590211666667,-9.82174844388889,1.16593,0.907363,-9.82059,9.61709,4.95578,-8.58045,-2.58563,-0.983975,-10.7758,0.02871620755569451,0.02514529799725579,0.0010260701358027452
11:03 AM,,1.112685235,0.7298369766666667,-9.850343783333333,1.130015,0.733791,-9.85172,2.99262,1.31197,-9.34177,0.687106,0.481214,-10.139,0.05324701252336873,0.003834672001675582,0.0015340623080331054,1.1967813803333334,0.7686876493333333,-9.840430873333334,1.21381,0.775688,-9.83975,2.99262,1.31197,-9.34177,0.687106,0.481214,-10.139,0.012627582859628223,0.0012304608302064351,0.0004156183274797817,1.1671534621666666,0.786512513,-9.842466361666666,1.19944,0.78287,-9.84214,2.99262,1.36703,-9.1263,-0.746959,0.023941,-10.297,0.010248359410376632,0.0015576571610753437,0.0006173927583389191,1.2249416800833333,0.829461625,-9.832938788333333,1.19944,0.813994,-9.83975,9.61709,4.95578,-8.58045,-2.58563,-0.983975,-10.7758,0.03738292235730835,0.007401179629403325,0.001188690178646763,1.2221347272777778,0.9296603898333333,-9.823069967222223,1.16832,0.852299,-9.82538,9.61709,4.95578,-8.58045,-2.58563,-0.983975,-10.7758,0.030733214504790166,0.025341652293797742,0.0010948507050881128
11:04 AM,,0.80943285,0.731097875,-9.878526066666666,0.790053,0.746959,-9.87805,0.988763,0.785264,-9.83256,0.744565,0.593737,-9.90917,0.002053746549192821,0.0015404258890845159,0.00011941127632275613,1.1176100836666667,0.7589604173333333,-9.84834166,1.21381,0.7709,-9.84214,2.99262,1.31197,-9.34177,0.687106,0.481214,-10.139,0.036758084519006334,0.0016867912371595528,0.0006480086590640814,1.1399114705,0.7781096235,-9.845351970000001,1.19944,0.780476,-9.84214,2.99262,1.36703,-9.1263,-0.746959,0.023941,-10.297,0.02177613329979576,0.001858485327454657,0.000736961834124783,1.19200087025,0.8164465133333333,-9.837380625833333,1.18987,0.809205,-9.84214,2.99262,2.52817,-9.1263,-0.7709,-0.308839,-10.297,0.03442225309549654,0.004347293627656294,0.00093495183838654,1.2106508917222223,0.9161338606666667,-9.825293397222222,1.16593,0.828358,-9.83017,9.61709,4.95578,-8.58045,-2.58563,-0.983975,-10.7758,0.03618970114309428,0.02508941112820749,0.0011891271417834393
11:05 AM,,0.7583865666666667,0.769092235,-9.87948375,0.758929,0.768506,-9.87805,0.794841,0.799629,-9.84932,0.732594,0.744565,-9.91157,0.0001078325353043962,8.863639476438245e-05,0.0001010563550292116,1.027104327,0.7570419403333334,-9.856412856666667,1.1192449999999998,0.768506,-9.85651,2.99262,1.31197,-9.34177,0.687106,0.481214,-10.139,0.05264681871510244,0.0016259995721328176,0.0007613371439207524,1.1074447271666668,0.7732787298333333,-9.84849534,1.19944,0.778082,-9.84453,2.99262,1.36703,-9.1263,-0.746959,0.023941,-10.297,0.03496083926032879,0.0016894306024292482,0.0008419926253552852,1.1555937994166667,0.8083817955,-9.841721704166666,1.16114,0.804417,-9.84453,2.99262,2.52817,-9.1263,-0.7709,-0.308839,-10.297,0.038161478150229536,0.0037457541695593097,0.0009051734080214888,1.1974600578333334,0.9038578401666667,-9.827573628888889,1.16593,0.821176,-9.83256,9.61709,4.95578,-8.58045,-2.58563,-0.983975,-10.7758,0.04272882096760969,0.024027282617402366,0.0012753357764632046
11:06 AM,,0.74144435,0.777651175,-9.881798383333333,0.742171,0.778082,-9.88284,0.773294,0.804417,-9.85411,0.701471,0.734988,-9.90439,9.435632556343925e-05,0.00010185584030488306,9.016996148886731e-05,0.9317737036666667,0.7570770576666667,-9.865359536666666,0.790053,0.768506,-9.87326,2.99262,1.31197,-9.34177,0.687106,0.481214,-10.139,0.05258841533799118,0.001632262261049358,0.000728644047701212,1.0679401196666667,0.7686884491666667,-9.852308308333333,1.19705,0.775688,-9.84693,2.99262,1.31197,-9.34177,0.304051,0.399814,-10.1821,0.045252575515113865,0.0010844960724278206,0.000650781419058097,1.1174380569166666,0.8012390048333333,-9.846132641666667,1.0965,0.797235,-9.84693,2.99262,2.52817,-9.1263,-0.7709,-0.308839,-10.297,0.03919370017319694,0.0031147806910122276,0.000850246367785579,1.1836526111666668,0.8918028793333334,-9.830023188333334,1.16593,0.818782,-9.83496,9.61709,4.95578,-8.58045,-2.58563,-0.983975,-10.7758,0.0494127772586269,0.022564751509683536,0.0013538446055181826
11:07 AM,,0.7351359166666667,0.7788362883333333,-9.88059305,0.7302,0.785264,-9.88045,0.869058,0.821176,-9.84453,0.596131,0.627254,-9.91157,0.0004776226503269339,0.0007254064201688121,0.00010306748266861065,0.8314169836666667,0.75730291,-9.874149006666666,0.761323,0.768506,-9.87805,2.99262,1.31197,-9.34177,0.596131,0.481214,-10.139,0.03164674120428216,0.0017482466208515173,0.0005319506290896454,1.0228317001666667,0.7680560101666667,-9.85630839,1.19705,0.775688,-9.85172,2.99262,1.31197,-9.34177,0.596131,0.481214,-10.139,0.05261072726072239,0.001041276001535986,0.0006363299514331275,1.07844000775,0.79447847425,-9.850456180833334,1.09171,0.790053,-9.84932,2.99262,2.52817,-9.1263,-0.7709,-0.308839,-10.297,0.037094294075893514,0.0024901534796149716,0.0007562463279996275,1.1695175795,0.8797058872777778,-9.832513177222223,1.16353,0.816388,-9.83735,9.61709,4.95578,-8.58045,-2.58563,-0.983975,-10.7758,0.055912563860475814,0.020782098064983073,0.0014137407078612617
11:08 AM,,0.77204101,0.7147302686666667,-9.877468833333333,0.751747,0.703865,-9.88284,4.38838,2.37734,-7.81194,-1.27605,-0.0191528,-10.941,0.04237203031811008,0.011391669468785528,0.01135312582501391,0.7632881386666667,0.7542815684,-9.879574016666666,0.751747,0.766112,-9.88045,4.38838,2.37734,-7.81194,-1.27605,-0.0191528,-10.941,0.009709253148396903,0.003460179713663289,0.0023525329568186587,0.9800347595,0.7614846088666667,-9.860002445000001,0.895393,0.773294,-9.86608,4.38838,2.37734,-7.81194,-1.27605,-0.0191528,-10.941,0.05815348508819469,0.002396821760768783,0.0017669551936375697,1.0462613371666667,0.7857084951,-9.8538364425,1.08692,0.787659,-9.85172,4.38838,2.52817,-7.81194,-1.27605,-0.308839,-10.941,0.03619369783960879,0.0027985496930940205,0.0012359923473814671,1.1566526198333333,0.8655014167888889,-9.834808309444444,1.16114,0.813994,-9.83975,9.61709,4.95578,-7.81194,-2.58563,-0.983975,-10.941,0.06241662407783763,0.01958965074591242,0.0018313400719960308
11:09 AM,,0.7386911033333333,0.6944642266666666,-9.885772466666667,0.739776,0.694289,-9.88523,0.758929,0.715836,-9.8589,0.679924,0.655983,-9.91396,6.871162255023959e-05,7.921853412215903e-05,9.596058355481035e-05,0.7491397893333334,0.7469548387333333,-9.881023296666667,0.744565,0.766112,-9.88284,4.38838,2.37734,-7.81194,-1.27605,-0.0191528,-10.941,0.008807567443248034,0.0037229580834460888,0.002353214966620859,0.9333749365,0.7529576280333333,-9.864682478333334,0.780476,0.768506,-9.87326,4.38838,2.37734,-7.81194,-1.27605,-0.0191528,-10.941,0.056727275703274016,0.0027404632586726933,0.0017674285241285402,1.0281707254166668,0.7796532227666667,-9.855512484166667,1.08453,0.78287,-9.85172,4.38838,2.37734,-7.81194,-1.27605,-0.0191528,-10.941,0.039598994400439555,0.0024728981446411487,0.0012042144316898801,1.1426278443888889,0.8505861660111111,-9.837457235555556,1.15635,0.809205,-9.84214,9.61709,4.95578,-7.81194,-2.58563,-0.983975,-10.941,0.06804295309697546,0.017794331250892848,0.001883842726898237
11:10 AM,,0.7331966416666666,0.6901268783333333,-9.888996583333332,0.732594,0.6895,-9.89002,0.758929,0.71823,-9.85651,0.708653,0.660771,-9.91636,6.540164300827777e-05,8.654047732240133e-05,9.373906192960191e-05,0.7441018043333333,0.7311617674,-9.882925863333334,0.737382,0.706259,-9.88523,4.38838,2.37734,-7.81194,-1.27605,-0.0191528,-10.941,0.00880745028980198,0.00402108842718964,0.002360377193852603,0.8856030656666667,0.7441018538666667,-9.86966936,0.758929,0.763717,-9.87805,4.38838,2.37734,-7.81194,-1.27605,-0.0191528,-10.941,0.050747957076055034,0.0029905470806062527,0.0017363611573166084,1.0104266825,0.7734245752666666,-9.85729966,1.08213,0.780476,-9.85172,4.38838,2.37734,-7.81194,-1.27605,-0.0191528,-10.941,0.04345555432215587,0.0027744850050113396,0.0012563084772408252,1.1284003652222223,0.8354856369555556,-9.840161900555556,1.12044,0.804417,-9.84453,9.61709,4.95578,-7.81194,-2.58563,-0.983975,-10.941,0.073417947374958,0.015570978816057728,0.0019358320878872202
11:11 AM,,0.7288633883333333,0.6857616466666666,-9.890927866666667,0.729003,0.684712,-9.89242,0.754141,0.713441,-9.86129,0.703865,0.660771,-9.92354,6.841446889568992e-05,7.335220883988888e-05,8.811327390539514e-05,0.741585612,0.7127838617333333,-9.88475176,0.734988,0.696683,-9.88523,4.38838,2.37734,-7.81194,-1.27605,-0.0191528,-10.941,0.008840979970186852,0.0036575097812527133,0.0023691877493521806,0.8366796578333333,0.7349304597,-9.875055648333333,0.749353,0.746959,-9.88045,4.38838,2.37734,-7.81194,-1.27605,-0.0191528,-10.941,0.03975396263492891,0.0031349986937567755,0.0016426879560056552,0.99252185275,0.76689028085,-9.859365751666667,1.07974,0.778082,-9.85651,4.38838,2.37734,-7.81194,-1.27605,-0.0191528,-10.941,0.046806433408010904,0.00302346749992102,0.0013037457722993426,1.1149328870555555,0.8206347634555555,-9.84281269611111,1.0965,0.799629,-9.84693,9.61709,4.95578,-7.81194,-2.58563,-0.983975,-10.941,0.07822309408739948,0.013079648194469898,0.001972014033782864
11:12 AM,,0.7259825183333333,0.6980912766666667,-9.889307666666667,0.725412,0.699077,-9.89002,0.890605,0.78287,-9.85411,0.248986,0.57219,-9.9403,0.0005984976001198634,0.0002372798460101391,0.00011778667100723079,0.7397549323333333,0.6966348594,-9.886494683333334,0.734988,0.694289,-9.88763,4.38838,2.37734,-7.81194,-1.27605,-0.0191528,-10.941,0.008902155264633966,0.002469450678454663,0.0023697813800930834,0.785585958,0.7269688847,-9.880321845,0.742171,0.706259,-9.88284,4.38838,2.37734,-7.81194,-1.27605,-0.0191528,-10.941,0.022371901648980067,0.0030288035916028466,0.0014887344380856498,0.9748308841666666,0.7610438930166666,-9.861349036666667,1.07256,0.775688,-9.8589,4.38838,2.37734,-7.81194,-1.27605,-0.0191528,-10.941,0.049680935123675725,0.003112395571752471,0.0013402460677109508,1.0909115593333334,0.8073121512333333,-9.846351158333334,1.09171,0.792447,-9.84932,9.61709,4.95578,-7.81194,-2.58563,-0.983975,-10.941,0.07883291168711398,0.010766755711787453,0.0018963745448829794
11:13 AM,,0.739620815,0.7090681916666667,-9.888653216666667,0.739776,0.708653,-9.89002,0.761323,0.734988,-9.8589,0.715836,0.682318,-9.91636,6.4135565429825e-05,7.469404707004746e-05,9.541017310823267e-05,0.7332708933333333,0.6955024439999999,-9.88873156,0.732594,0.694289,-9.89002,0.890605,0.78287,-9.85411,0.248986,0.57219,-9.9403,0.00020126132121969553,0.00017320892364074426,0.00010086956001973668,0.748279516,0.7248920062,-9.884152788333333,0.739776,0.708653,-9.88523,4.38838,2.37734,-7.81194,-1.27605,-0.0191528,-10.941,0.005179727524667855,0.002680281833825773,0.0012474654188783397,0.9577164890833333,0.7557022596,-9.863309575,0.895393,0.7709,-9.86608,4.38838,2.37734,-7.81194,-1.27605,-0.0191528,-10.941,0.05158090189641125,0.003068143729083952,0.0013668271280800337,1.0660542920555556,0.7946050854,-9.850010121666667,1.08692,0.787659,-9.85172,9.61709,4.95578,-7.81194,-2.58563,-0.983975,-10.941,0.07714084923941618,0.008257402400035588,0.0017911069329092455
11:14 AM,,0.743383555,0.7122842916666666,-9.891143233333333,0.742171,0.713441,-9.89002,0.78287,0.739776,-9.86129,0.701471,0.627254,-9.91636,8.313439757626898e-05,0.00013239306095485544,9.743759520422614e-05,0.7342093836666667,0.699066457,-9.889805713333333,0.734988,0.699077,-9.89002,0.890605,0.78287,-9.85411,0.248986,0.57219,-9.9403,0.00021784328175571856,0.00022725243317921084,9.94221691475349e-05,0.7416745865,0.7230106478666667,-9.885414505,0.737382,0.706259,-9.88523,4.38838,2.37734,-7.81194,-1.27605,-0.0191528,-10.941,0.004567691662667629,0.002548195865463486,0.0012454000723336935,0.9407930285,0.7505601356833334,-9.8653832375,0.780476,0.768506,-9.87087,4.38838,2.37734,-7.81194,-1.27605,-0.0191528,-10.941,0.052822272963072445,0.0029621945015287877,0.0013923834660157465,1.041892109,0.7853012248444444,-9.853391918888889,1.08453,0.78287,-9.85411,4.38838,2.52817,-7.81194,-1.27605,-0.308839,-10.941,0.06953771012398179,0.005687585257913409,0.0015511226364754427
11:15 AM,,0.7566628466666666,0.7225549383333333,-9.888098933333334,0.761323,0.723018,-9.88763,0.933698,0.816388,-9.83017,0.672742,0.629648,-9.94269,0.000454923634043228,0.00028887652727999726,0.0001218020138853612,0.7389026246666667,0.705552069,-9.889626183333332,0.737382,0.706259,-9.89002,0.933698,0.816388,-9.83017,0.248986,0.57219,-9.94269,0.00037426994130155893,0.00031997848121064263,0.00010544686375430375,0.7415022145,0.7183569182,-9.886276023333334,0.737382,0.706259,-9.88763,4.38838,2.37734,-7.81194,-1.27605,-0.0191528,-10.941,0.004596853838454565,0.002334163133272361,0.0012439319521448094,0.9244734708333333,0.7458178240166666,-9.867385681666667,0.766112,0.763717,-9.87566,4.38838,2.37734,-7.81194,-1.27605,-0.0191528,-10.941,0.053258468924908896,0.0027657933994279524,0.001399750115828301,1.0175632711111111,0.7783735030666666,-9.85657314388889,1.07974,0.780476,-9.85651,4.38838,2.52817,-7.81194,-1.27605,-0.308839,-10.941,0.0650793635922374,0.005076163289547379,0.0014591851174724816
11:16 AM,,0.7707481766666667,0.7344056833333333,-9.8874124,0.7709,0.734988,-9.88763,0.794841,0.758929,-9.85411,0.742171,0.711047,-9.91636,6.290171068659998e-05,7.475524550556497e-05,8.783126401335266e-05,0.7472795823333334,0.7152808763333334,-9.88892309,0.744565,0.713441,-9.89002,0.933698,0.816388,-9.83017,0.248986,0.57219,-9.94269,0.00048570353523363273,0.00031378091167226404,0.00010553753719762926,0.7444325971666667,0.7140323690333333,-9.886837425,0.739776,0.706259,-9.88763,4.38838,2.37734,-7.81194,-1.27605,-0.0191528,-10.941,0.004670671075177755,0.0019868733807219415,0.0012415071054036055,0.9061863584166666,0.7413604091,-9.869572866666667,0.763717,0.749353,-9.87805,4.38838,2.37734,-7.81194,-1.27605,-0.0191528,-10.941,0.051126002803352236,0.0022824407564021577,0.0012441552255676711,0.9931029036666666,0.7721701262333334,-9.859700902777778,1.07734,0.778082,-9.8589,4.38838,2.52817,-7.81194,-1.27605,-0.308839,-10.941,0.05860530341526846,0.0044287736114574155,0.0013488207587771365
11:17 AM,,0.7707401916666666,0.7390382566666667,-9.884463683333333,0.7709,0.739776,-9.88523,0.797235,0.7709,-9.85172,0.749353,0.711047,-9.91875,6.848794923365346e-05,7.840710810763527e-05,9.19118920865298e-05,0.756231117,0.7234702723333333,-9.887954293333333,0.756535,0.723018,-9.88763,0.933698,0.816388,-9.83017,0.672742,0.627254,-9.94269,0.0003190598051957099,0.00026876426599816745,0.00010337960176787484,0.7479930246666666,0.7100525658666667,-9.887224488333333,0.742171,0.706259,-9.88763,4.38838,2.37734,-7.81194,-1.27605,-0.0191528,-10.941,0.004677716450437464,0.0015489441072458426,0.001236907063948852,0.8854123624166667,0.7390542880166666,-9.871766439166667,0.761323,0.739776,-9.88045,4.38838,2.37734,-7.81194,-1.27605,-0.0191528,-10.941,0.04752748282982172,0.0021361721047230436,0.0011755116479494477,0.9682910133888889,0.7663365047888889,-9.862712283333334,1.07016,0.775688,-9.86369,4.38838,2.52817,-7.81194,-1.27605,-0.308839,-10.941,0.050554858054243444,0.003760342426060994,0.0012168475421942759
11:18 AM,,0.7707202416666666,0.74121689,-9.8865863,0.7709,0.739776,-9.88763,0.792447,0.7709,-9.85411,0.737382,0.708653,-9.91157,6.77632193421676e-05,9.440420576751267e-05,9.727180698831051e-05,0.7624510023333333,0.729900012,-9.88754091,0.766112,0.732594,-9.88763,0.933698,0.816388,-9.83017,0.672742,0.627254,-9.94269,0.0002678866156855567,0.00025285737542233026,0.00010385716379316102,0.7478609478333333,0.712701228,-9.888136235,0.742171,0.711047,-9.88763,0.933698,0.816388,-9.83017,0.248986,0.57219,-9.94269,0.0004474400407829095,0.0005088451170798628,0.00010270076943634441,0.8639478536666667,0.7370929184333334,-9.87406934,0.761323,0.737382,-9.88045,4.38838,2.37734,-7.81194,-1.27605,-0.0191528,-10.941,0.04277531346947438,0.002047716505255505,0.0011326440988226225,0.9467945407222222,0.7613727394,-9.865269706666666,0.895393,0.7709,-9.86847,4.38838,2.52817,-7.81194,-1.27605,-0.308839,-10.941,0.04406597825430647,0.003219767977245415,0.0011196553783127364
11:19 AM,,0.7715142866666667,0.742848885,-9.886011783333332,0.7709,0.742171,-9.88523,0.792447,0.768506,-9.84932,0.749353,0.711047,-9.91396,6.79052888425599e-05,8.462540673633574e-05,0.00010266185107150485,0.7680771486666667,0.7360129306666666,-9.88651462,0.7709,0.737382,-9.88763,0.933698,0.816388,-9.83017,0.672742,0.629648,-9.94269,0.00017687712626732088,0.00017739878146168033,0.00010171858851843622,0.7511432661666667,0.7175396938333334,-9.888160166666667,0.749353,0.71823,-9.88763,0.933698,0.816388,-9.83017,0.248986,0.57219,-9.94269,0.00048413148238105253,0.0005436092460927777,0.00010326188952047232,0.8422591013333334,0.7352486609333333,-9.8764213225,0.761323,0.734988,-9.88284,4.38838,2.37734,-7.81194,-1.27605,-0.0191528,-10.941,0.03690610690258978,0.00195553305651093,0.001073079201592782,0.935828239,0.7589487131222222,-9.866395045,0.785264,0.768506,-9.87087,4.38838,2.37734,-7.81194,-1.27605,-0.0191528,-10.941,0.043615172581127834,0.002687136986002993,0.0010740775449504575
11:20 AM,,0.7733537516666666,0.744389135,-9.883697399999999,0.773294,0.744565,-9.88523,0.804417,0.773294,-9.85411,0.734988,0.71823,-9.91396,7.753254463104893e-05,7.728582006688662e-05,0.00010652233613355218,0.7714153296666667,0.74037977,-9.885634313333334,0.7709,0.739776,-9.88523,0.804417,0.773294,-9.84932,0.734988,0.708653,-9.91875,6.985682940812267e-05,9.386268740490186e-05,9.897722853799819e-05,0.7551589771666667,0.7229659195,-9.887630248333332,0.761323,0.727806,-9.88763,0.933698,0.816388,-9.83017,0.248986,0.57219,-9.94269,0.00048633941740021234,0.0005101788298209902,0.00010617942855975374,0.8203810214166667,0.7335338866833333,-9.878649804166667,0.761323,0.734988,-9.88284,4.38838,2.37734,-7.81194,-1.27605,-0.0191528,-10.941,0.02986928288507588,0.0018619083174688852,0.0010018486127043652,0.9253374473888889,0.7566050233444445,-9.867409856111111,0.778082,0.763717,-9.87326,4.38838,2.37734,-7.81194,-1.27605,-0.0191528,-10.941,0.04361282026896573,0.0025854720896907072,0.001077348417408026
11:21 AM,,0.7720569533333334,0.7457098566666667,-9.879507733333334,0.773294,0.746959,-9.879249999999999,0.799629,0.775688,-9.85411,0.746959,0.713441,-9.91157,8.179323665558157e-05,8.822162828659996e-05,0.0001077160856716713,0.771677085,0.7426406046666667,-9.88405338,0.7709,0.742171,-9.88523,0.804417,0.775688,-9.84932,0.734988,0.708653,-9.91875,7.355487181371297e-05,8.998283096603376e-05,0.0001073256752673521,0.7594783336666666,0.7289607405,-9.886488235,0.766112,0.732594,-9.88763,0.933698,0.816388,-9.83017,0.248986,0.57219,-9.94269,0.00042841693070345076,0.00038901809733004835,0.00011234337179673745,0.79807899575,0.7319456001,-9.880771941666666,0.758929,0.734988,-9.88284,4.38838,2.37734,-7.81194,-1.27605,-0.0191528,-10.941,0.021579650668679787,0.0017707716786157515,0.0009101212642019399,0.9148406797222223,0.7542471007333333,-9.868406579444445,0.775688,0.756535,-9.87566,4.38838,2.37734,-7.81194,-1.27605,-0.0191528,-10.941,0.043415611688259824,0.002464965065952797,0.0010700655490802897
11:22 AM,,0.773166225,0.7491214333333334,-9.87932025,0.773294,0.749353,-9.87805,0.797235,0.778082,-9.84214,0.742171,0.720624,-9.90917,7.366366860872287e-05,9.11745215180856e-05,0.00010215846187395283,0.7721622916666667,0.74465724,-9.883024693333333,0.773294,0.744565,-9.88284,0.804417,0.778082,-9.84214,0.734988,0.708653,-9.91396,7.462117413797658e-05,9.427151515611879e-05,0.00011276202371385629,0.7641967043333333,0.7340637561666666,-9.885489493333333,0.768506,0.737382,-9.88523,0.933698,0.816388,-9.83017,0.672742,0.627254,-9.94269,0.00026026883587456056,0.00029372823904722005,0.00011412904968489921,0.7748913311666666,0.7305163204333334,-9.882905669166666,0.758929,0.734988,-9.88523,4.38838,2.37734,-7.81194,-1.27605,-0.0191528,-10.941,0.011429526731885485,0.0016737128140224447,0.0008080416560568822,0.9046194908888889,0.7520505140666667,-9.869395855555556,0.775688,0.751747,-9.87566,4.38838,2.37734,-7.81194,-1.27605,-0.0191528,-10.941,0.04306627724604926,0.002334541991737379,0.0010610211304974825
11:23 AM,,0.7729427616666666,0.7490256666666667,-9.883039133333334,0.773294,0.749353,-9.88284,0.799629,0.773294,-9.85411,0.742171,0.71823,-9.90917,7.68671461718169e-05,8.880577830272673e-05,9.534247604228943e-05,0.7726067956666667,0.7462189953333334,-9.88231526,0.773294,0.746959,-9.88284,0.804417,0.778082,-9.84214,0.734988,0.711047,-9.91396,7.594770827734035e-05,9.216334204399293e-05,0.00010933539606441771,0.767528899,0.7380595036666666,-9.884928085,0.7709,0.739776,-9.88523,0.933698,0.816388,-9.83017,0.672742,0.627254,-9.94269,0.00019767783712431987,0.00023907000453940997,0.00011340650340000453,0.7579042075,0.7314757549333333,-9.884540436666667,0.758929,0.734988,-9.88523,4.38838,2.37734,-7.81194,-1.27605,-0.0191528,-10.941,0.002781121010336972,0.001502903629215497,0.0006805295371707492,0.8943206257222223,0.7498213409555555,-9.870515745,0.773294,0.749353,-9.87805,4.38838,2.37734,-7.81194,-1.27605,-0.0191528,-10.941,0.042490715533461385,0.0021942277298851566,0.001052854282027296
11:24 AM,,0.7742116450000001,0.7507214883333333,-9.8828916,0.773294,0.75055,-9.88284,0.797235,0.785264,-9.8589,0.751747,0.715836,-9.91396,7.819518746474957e-05,7.508477076447118e-05,8.738784551585683e-05,0.7731462673333334,0.747793516,-9.881691223333334,0.773294,0.746959,-9.88284,0.804417,0.785264,-9.84214,0.734988,0.713441,-9.91396,7.79883016477488e-05,8.95613723198506e-05,0.00010322780527187591,0.770611708,0.7419032233333334,-9.884102921666667,0.7709,0.742171,-9.88523,0.933698,0.816388,-9.83017,0.672742,0.629648,-9.94269,0.00013383653348931766,0.00016815915775708187,0.00010827337357612294,0.75614314725,0.7324569356,-9.884758713333333,0.758929,0.737382,-9.88523,4.38838,2.37734,-7.81194,-1.27605,-0.0191528,-10.941,0.0025599248813120102,0.0014473041093083817,0.0006772104137456307,0.8840659216666666,0.7476744982333333,-9.871623132222222,0.773294,0.749353,-9.87805,4.38838,2.37734,-7.81194,-1.27605,-0.0191528,-10.941,0.041694764488960694,0.0020474430322224004,0.0010421938706597627
11:25 AM,,0.7756081933333333,0.752536985,-9.8817064,0.775688,0.754141,-9.88284,0.797235,0.778082,-9.85172,0.754141,0.71823,-9.90917,5.893728959861981e-05,8.562688121346394e-05,0.00010692156631719152,0.7735971556666666,0.749423086,-9.881293023333333,0.773294,0.749353,-9.88045,0.799629,0.785264,-9.84214,0.742171,0.713441,-9.91396,7.52748502628555e-05,9.0753840932248e-05,0.00010234375741192262,0.7725062426666667,0.744901428,-9.883463668333333,0.773294,0.744565,-9.88284,0.804417,0.785264,-9.84214,0.734988,0.708653,-9.91875,7.374403306795757e-05,0.00011274167609549866,0.00010535619855975354,0.7570042285833334,0.7316291731,-9.884869845833332,0.761323,0.737382,-9.88523,4.38838,2.37734,-7.81194,-1.27605,-0.0191528,-10.941,0.00257543677964347,0.0013995178725697706,0.000676565350280419,0.8738177281111111,0.7455123586777778,-9.872745010555555,0.7709,0.746959,-9.88045,4.38838,2.37734,-7.81194,-1.27605,-0.0191528,-10.941,0.040661531909050246,0.001881574056407042,0.0010257036555362943
11:26 AM,,0.777112495,0.75437245,-9.880014566666667,0.778082,0.754141,-9.88045,0.804417,0.787659,-9.84932,0.749353,0.720624,-9.90917,7.173343284805495e-05,7.400777308263752e-05,9.05675053210875e-05,0.774608264,0.7511556046666666,-9.88139439,0.775688,0.751747,-9.88045,0.804417,0.787659,-9.84214,0.742171,0.715836,-9.91396,7.424063544945375e-05,8.705458021044823e-05,9.859767185184714e-05,0.7731426745,0.7468981046666666,-9.882723884999999,0.773294,0.746959,-9.88284,0.804417,0.787659,-9.84214,0.734988,0.708653,-9.91875,7.60337459205365e-05,0.00010663327781601425,0.00010471236201710756,0.7587876358333333,0.73046523685,-9.884780655,0.763717,0.737382,-9.88523,4.38838,2.37734,-7.81194,-1.27605,-0.0191528,-10.941,0.0025792389235125084,0.00131672774237267,0.0006772842919453001,0.8618384637777777,0.7432063076222222,-9.873956539444444,0.7709,0.746959,-9.88045,4.38838,2.37734,-7.81194,-1.27605,-0.0191528,-10.941,0.03804208686036293,0.001563940438826828,0.0009027493274149551
11:27 AM,,0.7215414715,0.6797684383333333,-9.889092216666667,0.727806,0.688303,-9.89002,1.20184,0.866664,-9.68174,0.0694289,0.378268,-10.3186,0.006134494145826416,0.004666182532640599,0.0009445268079329395,0.7642833133,0.7372850056666667,-9.883348783333334,0.773294,0.749353,-9.88284,1.20184,0.866664,-9.68174,0.0694289,0.378268,-10.3186,0.0017411384776760052,0.001827115616309071,0.00027402026824246593,0.7682228024833333,0.7409711228333333,-9.883186738333332,0.773294,0.746959,-9.88284,1.20184,0.866664,-9.68174,0.0694289,0.378268,-10.3186,0.0009232506494321944,0.0009741231481684402,0.0001933851717068112,0.758107913575,0.72551184435,-9.885205613333333,0.766112,0.734988,-9.88523,4.38838,2.37734,-7.81194,-1.27605,-0.0191528,-10.941,0.002902569661109524,0.00150043769980276,0.0007191627132999268,0.8463491757722222,0.7396932329555556,-9.875573205555556,0.7709,0.744565,-9.88045,4.38838,2.37734,-7.81194,-1.27605,-0.0191528,-10.941,0.03504385904497183,0.0017495633575916336,0.0008770917740451825
11:28 AM,,0.6805903916666667,0.61228282,-9.89150205,0.679924,0.612889,-9.89242,0.701471,0.641618,-9.86369,0.655983,0.588948,-9.92593,6.128230871946307e-05,7.859395009776282e-05,0.0001052086603981604,0.7458128393,0.7099364363333334,-9.885041366666666,0.7709,0.746959,-9.88523,1.20184,0.866664,-9.68174,0.0694289,0.378268,-10.3186,0.0027831194394355913,0.004175455850254032,0.000286405481292649,0.7592098174833334,0.7280777158333334,-9.883678313333332,0.7709,0.746959,-9.88284,1.20184,0.866664,-9.68174,0.0694289,0.378268,-10.3186,0.0016088042211467475,0.002462614783978079,0.00019969567886829627,0.7535353826583333,0.7203894719166667,-9.885907274166666,0.763717,0.734988,-9.88523,1.20184,0.866664,-9.68174,0.0694289,0.378268,-10.3186,0.0010602383410545952,0.0015447201500718843,0.00015615430370347077,0.8290351749388889,0.7340878509,-9.877272331111111,0.768506,0.742171,-9.88284,4.38838,2.37734,-7.81194,-1.27605,-0.0191528,-10.941,0.03149021766415064,0.0022039486608879098,0.0008421523636527803
11:29 AM,,0.6859891016666667,0.6089191033333333,-9.877815866666667,0.687106,0.610495,-9.87805,0.708653,0.63683,-9.83975,0.660771,0.574584,-9.90917,6.601909816493898e-05,7.569786207277683e-05,0.0001873254313010511,0.7281683306333333,0.6815759593333334,-9.884026219999999,0.727806,0.688303,-9.88284,1.20184,0.866664,-9.68174,0.0694289,0.378268,-10.3186,0.0030239173439992853,0.005079779269582208,0.00031485591735071184,0.7506572989833333,0.7146847376666666,-9.882858721666667,0.7709,0.744565,-9.88284,1.20184,0.866664,-9.68174,0.0694289,0.378268,-10.3186,0.0020565322913784407,0.00368061340247026,0.000210370294764987,0.750900282575,0.71611221575,-9.885509444166667,0.763717,0.734988,-9.88523,1.20184,0.866664,-9.68174,0.0694289,0.378268,-10.3186,0.0012702850630130038,0.002113973163836189,0.00016382993839424473,0.8117251672166667,0.7283940198444444,-9.878567122222222,0.766112,0.739776,-9.88284,4.38838,2.37734,-7.81194,-1.27605,-0.0191528,-10.941,0.027153568237970327,0.0026243647262049643,0.0007946913256475886
11:30 AM,,0.6851471416666667,0.6072631916666666,-9.875645266666666,0.684712,0.608101,-9.87566,0.708653,0.629648,-9.83975,0.655983,0.579372,-9.90917,6.720390582797735e-05,7.203803202163327e-05,0.00010911111645631241,0.7100761203,0.6525212006666666,-9.882813993333333,0.6895,0.615283,-9.88284,1.20184,0.866664,-9.68174,0.0694289,0.378268,-10.3186,0.0026181610102717556,0.004330021163736312,0.00032679934796927325,0.7418366379833333,0.7009721433333334,-9.882053508333334,0.768506,0.742171,-9.88284,1.20184,0.866664,-9.68174,0.0694289,0.378268,-10.3186,0.0023553920731494045,0.004557904202489204,0.00021511421864470016,0.748497807575,0.7119690314166667,-9.884841878333333,0.763717,0.734988,-9.88523,1.20184,0.866664,-9.68174,0.0694289,0.378268,-10.3186,0.0014651222081635542,0.002654771954415965,0.0001684090904793996,0.7941995602722223,0.7226799722333334,-9.879784372222222,0.763717,0.737382,-9.88284,4.38838,2.37734,-7.81194,-1.27605,-0.0191528,-10.941,0.02206835952333678,0.0029959983183514066,0.000742151925646201
11:31 AM,,0.6872180416666667,0.604653645,-9.874448283333333,0.687106,0.605707,-9.87566,0.715836,0.632042,-9.83496,0.663165,0.574584,-9.90439,5.87024222436702e-05,7.767728927443238e-05,0.00011199212609654601,0.6920972296333333,0.6225774396666667,-9.881700736666666,0.684712,0.610495,-9.88045,1.20184,0.866664,-9.68174,0.0694289,0.378268,-10.3186,0.0014976683898547572,0.0018168124636922574,0.0003422726107609033,0.7333527468166666,0.6868665221666667,-9.881547563333333,0.761323,0.737382,-9.88045,1.20184,0.866664,-9.68174,0.0694289,0.378268,-10.3186,0.002488124913364428,0.005085549931124363,0.0002204218619729797,0.7464155402416667,0.7079136313333333,-9.884017899166667,0.763717,0.734988,-9.88523,1.20184,0.866664,-9.68174,0.0694289,0.378268,-10.3186,0.0016288001822930146,0.003180073610632638,0.0001724718182296807,0.7765035794388889,0.7169192407888889,-9.881030482222222,0.761323,0.734988,-9.88284,4.38838,2.37734,-7.81194,-1.27605,-0.0191528,-10.941,0.016146365849918402,0.00332708464235811,0.0006803301380640143
11:32 AM,,0.6879801783333334,0.60487312,-9.872716533333334,0.687106,0.605707,-9.87326,0.711047,0.634436,-9.84214,0.665559,0.574584,-9.90439,6.618880178283543e-05,8.05317196016027e-05,0.00012938806075013463,0.685384971,0.607598376,-9.8784256,0.684712,0.608101,-9.87805,0.715836,0.641618,-9.83496,0.655983,0.574584,-9.92593,7.049729629625793e-05,8.478768270552582e-05,0.00017395033321773346,0.72483414215,0.6724416908333334,-9.880887191666666,0.696683,0.622466,-9.88045,1.20184,0.866664,-9.68174,0.0694289,0.378268,-10.3186,0.0024621634126812423,0.005161148668977079,0.00023000840723113076,0.7445154232416666,0.7032527235,-9.8831883425,0.763717,0.734988,-9.88284,1.20184,0.866664,-9.68174,0.0694289,0.378268,-10.3186,0.0017484877876486886,0.0036766099990894726,0.00017735012467141176,0.7582056014944445,0.7111581105666667,-9.882232843333334,0.756535,0.7302,-9.88284,4.38838,2.37734,-7.81194,-1.27605,-0.0191528,-10.941,0.00899696084546752,0.003585491490269326,0.0006162458620855663
11:33 AM,,0.689233095,0.6048052666666667,-9.864253416666667,0.6895,0.605707,-9.86608,0.708653,0.634436,-9.82778,0.660771,0.579372,-9.90199,6.18493932747664e-05,8.164864421257651e-05,0.0001772083964871952,0.6871135116666667,0.6061028653333334,-9.872975873333333,0.687106,0.605707,-9.87326,0.715836,0.63683,-9.82778,0.655983,0.574584,-9.90917,6.598518077145454e-05,8.03310544320089e-05,0.0001645950885334612,0.7164631754833334,0.6580196508333334,-9.87900862,0.691895,0.615283,-9.879249999999999,1.20184,0.866664,-9.68174,0.0694289,0.378268,-10.3186,0.0022858612023518997,0.004823340661288798,0.0002618627942946431,0.7419960372416666,0.69803957725,-9.8819683525,0.763717,0.734988,-9.88284,1.20184,0.866664,-9.68174,0.0694289,0.378268,-10.3186,0.0018936473916709537,0.004132722369284807,0.00019637975785722663,0.7440905301611112,0.7069903869,-9.882696497777777,0.751747,0.727806,-9.88284,4.38838,2.37734,-7.81194,-1.27605,-0.0191528,-10.941,0.002997554802731704,0.0038086426019350184,0.0005477522530151577
11:34 AM,,0.6959086883333333,0.6001168483333333,-9.870218933333334,0.696683,0.600919,-9.87087,0.725412,0.62486,-9.83017,0.667954,0.57219,-9.8996,7.262043037181675e-05,7.840320053288533e-05,0.00012303674376849908,0.689097429,0.6043424143333334,-9.871456486666666,0.6895,0.603313,-9.87087,0.725412,0.634436,-9.82778,0.655983,0.57219,-9.90917,7.858968723537088e-05,8.335328064020796e-05,0.0001462791759818113,0.7086328798166667,0.6429591868333333,-9.877741353333333,0.691895,0.610495,-9.87805,1.20184,0.866664,-9.68174,0.0694289,0.378268,-10.3186,0.0019326923851200448,0.004072639644610362,0.0002700352457094342,0.7396222939083333,0.6924312050833333,-9.8809221375,0.763717,0.734988,-9.88045,1.20184,0.866664,-9.68174,0.0694289,0.378268,-10.3186,0.0019936021678202374,0.004567907249949354,0.00019925677657080268,0.7403063914388889,0.7026243526777778,-9.882419593333333,0.746959,0.723018,-9.88284,4.38838,2.37734,-7.81194,-1.27605,-0.0191528,-10.941,0.0028523619265262167,0.004102303204223255,0.0005524063869672266
11:35 AM,,0.6960044566666667,0.6007871666666666,-9.874627816666667,0.696683,0.600919,-9.87326,0.756535,0.632042,-9.84453,0.670348,0.57219,-9.90439,7.584128183785184e-05,8.390982053311074e-05,0.00010733894297133725,0.691268892,0.6030472093333333,-9.871252996666668,0.691895,0.603313,-9.87087,0.756535,0.634436,-9.82778,0.660771,0.57219,-9.90439,8.202062763288032e-05,8.486839927527131e-05,0.00014438558384793335,0.70067250615,0.627784205,-9.877033495,0.6895,0.608101,-9.87805,1.20184,0.866664,-9.68174,0.0694289,0.378268,-10.3186,0.0014383084658390539,0.0028190977708197787,0.0002689729248891169,0.7365893744083334,0.6863428165,-9.880248581666667,0.763717,0.732594,-9.88045,1.20184,0.866664,-9.68174,0.0694289,0.378268,-10.3186,0.0020460921782465905,0.004895194317171426,0.0001974866071222521,0.7382269877722222,0.6970141837333333,-9.882257728888888,0.742171,0.715836,-9.88284,4.38838,2.37734,-7.81194,-1.27605,-0.0191528,-10.941,0.0029015017620276085,0.004269108954879305,0.000554325784318956
11:36 AM,,0.6950548066666666,0.6026386316666666,-9.872349533333333,0.694289,0.603313,-9.87326,0.71823,0.62486,-9.83975,0.667954,0.576978,-9.90439,6.298752145504716e-05,7.818966238998053e-05,0.0001145904528703356,0.692836245,0.6026442066666666,-9.870833246666667,0.691895,0.603313,-9.87087,0.756535,0.634436,-9.82778,0.660771,0.57219,-9.90439,8.00037036621957e-05,8.432537098028232e-05,0.00014292621373039423,0.6924667373166666,0.6126108231666667,-9.876266991666666,0.6895,0.605707,-9.87566,1.20184,0.866664,-9.68174,0.0694289,0.378268,-10.3186,0.0007888411108560753,0.0010497604655661577,0.000272089478746382,0.7328047059083334,0.6797544639166667,-9.879495438333333,0.756535,0.727806,-9.88045,1.20184,0.866664,-9.68174,0.0694289,0.378268,-10.3186,0.0020596887063113875,0.005086792898119042,0.0001988089555208186,0.7366806696611111,0.6911804322888889,-9.881942767222222,0.739776,0.708653,-9.88284,4.38838,2.37734,-7.81194,-1.27605,-0.0191528,-10.941,0.0029598528800202336,0.004314438608379917,0.0005583048422392671
11:37 AM,,0.6972693583333334,0.6030575833333334,-9.874344516666667,0.696683,0.603313,-9.87566,0.71823,0.63683,-9.83735,0.675136,0.569795,-9.91396,6.176628151579003e-05,7.606314218002228e-05,0.00010375553599304023,0.694694081,0.6022810993333333,-9.871158843333333,0.694289,0.603313,-9.87087,0.756535,0.63683,-9.82778,0.660771,0.569795,-9.91396,7.488163389373681e-05,8.23412018207398e-05,0.00013945753320651968,0.690039526,0.6049397376666666,-9.874792221666667,0.6895,0.605707,-9.87566,0.756535,0.641618,-9.82778,0.655983,0.569795,-9.92593,9.434584182829543e-05,9.06200485779442e-05,0.00016988145025590088,0.7291311642416667,0.67295543025,-9.87898948,0.706259,0.622466,-9.87805,1.20184,0.866664,-9.68174,0.0694289,0.378268,-10.3186,0.002037039379621611,0.005158847211298244,0.00019923661933120558,0.73541845105,0.6853211421222222,-9.881734482777778,0.739776,0.703865,-9.88284,4.38838,2.37734,-7.81194,-1.27605,-0.0191528,-10.941,0.002996118429747363,0.0042612319168609854,0.0005601481816203438
11:38 AM,,0.6972494066666667,0.60189646,-9.877237333333333,0.696683,0.600919,-9.876854999999999,0.725412,0.627254,-9.84693,0.675136,0.57219,-9.90199,5.5445267440355955e-05,7.849181980140233e-05,0.00010166748970506043,0.6962973433333334,0.601699338,-9.873755626666666,0.696683,0.600919,-9.87326,0.756535,0.63683,-9.83017,0.667954,0.569795,-9.91396,6.637112072236284e-05,8.012701023850216e-05,0.00011547587923369616,0.6917054275,0.6039011016666667,-9.87336575,0.691895,0.603313,-9.87326,0.756535,0.63683,-9.82778,0.655983,0.569795,-9.91396,8.725632510459452e-05,8.506422993998721e-05,0.00014016416989914512,0.7254576224916667,0.66598940875,-9.878522031666666,0.701471,0.615283,-9.87805,1.20184,0.866664,-9.68174,0.0694289,0.378268,-10.3186,0.0019872652069362166,0.005129012494556721,0.00019650521879055783,0.7329253976055555,0.6815600151666666,-9.881726766111111,0.737382,0.701471,-9.88284,1.20184,0.866664,-9.68174,0.0694289,0.378268,-10.3186,0.0015854783025802874,0.00407375737597238,0.00018577141280377976
11:39 AM,,0.6965630833333333,0.6009906783333333,-9.874396416666666,0.696683,0.600919,-9.87566,0.720624,0.632042,-9.84693,0.672742,0.574584,-9.90199,5.789615247384512e-05,7.639174221856147e-05,9.922462202976844e-05,0.6964282223333333,0.601874104,-9.874591123333333,0.696683,0.600919,-9.87566,0.756535,0.63683,-9.83735,0.667954,0.569795,-9.91396,6.339696554541619e-05,7.929415328361187e-05,0.00010760119510315285,0.6927628256666667,0.6031082591666667,-9.873023805,0.691895,0.603313,-9.87326,0.756535,0.63683,-9.82778,0.655983,0.569795,-9.91396,8.44188644830217e-05,8.283355362393662e-05,0.00012937592155889708,0.721710062325,0.6588964984166666,-9.877941263333334,0.699077,0.612889,-9.87805,1.20184,0.866664,-9.68174,0.0694289,0.378268,-10.3186,0.001908398708713693,0.004994153675555628,0.00019404236263420322,0.7315211302722222,0.6784442302222222,-9.881347564444445,0.732594,0.699077,-9.88284,1.20184,0.866664,-9.68174,0.0694289,0.378268,-10.3186,0.0016261144964831347,0.004274796338408354,0.0001869818504264208
11:40 AM,,0.6952543,0.6022834733333333,-9.8701466,0.694289,0.603313,-9.87087,0.715836,0.632042,-9.84214,0.672742,0.562613,-9.8996,6.254603253422357e-05,9.209958859695046e-05,9.993811663438732e-05,0.696278191,0.6021733653333333,-9.87369488,0.696683,0.603313,-9.87326,0.725412,0.63683,-9.83735,0.667954,0.562613,-9.91396,6.0958728548701736e-05,8.0637497506367e-05,0.00010927128961546805,0.6937735415,0.6026102873333333,-9.872473938333334,0.694289,0.603313,-9.87326,0.756535,0.63683,-9.82778,0.660771,0.562613,-9.91396,7.77520759952769e-05,8.29300865898712e-05,0.0001282982421798895,0.7178050897416667,0.6517912153333333,-9.877263723333334,0.696683,0.610495,-9.87805,1.20184,0.866664,-9.68174,0.0694289,0.378268,-10.3186,0.0017940341262953222,0.0047391890197082745,0.00019463587270950947,0.73025638555,0.6755161167222222,-9.880719231666667,0.7302,0.696683,-9.88045,1.20184,0.866664,-9.68174,0.0694289,0.378268,-10.3186,0.001668171413380729,0.004455216728730806,0.00018902525645168354
11:41 AM,,0.6962678216666667,0.6025667966666667,-9.872923983333333,0.696683,0.603313,-9.87326,0.71823,0.627254,-9.83496,0.665559,0.560219,-9.90199,6.336430724861143e-05,8.735013903037284e-05,0.00012192996557567771,0.696520794,0.6021589983333333,-9.87380977,0.696683,0.603313,-9.87326,0.725412,0.63683,-9.83496,0.665559,0.560219,-9.91396,6.067569721196782e-05,8.245460172357173e-05,0.00011048081391840233,0.6946785195,0.6024016025,-9.872321508333334,0.694289,0.603313,-9.87326,0.756535,0.63683,-9.82778,0.660771,0.560219,-9.91396,7.372251628966793e-05,8.343495229687656e-05,0.0001288976850557688,0.7140156331583334,0.6446340623333333,-9.876934535833334,0.696683,0.608101,-9.87805,1.20184,0.866664,-9.68174,0.0694289,0.378268,-10.3186,0.0016547720898506992,0.004368006357074205,0.000195927013519004,0.7291698666611112,0.6727429550555556,-9.880119102222222,0.725412,0.694289,-9.88045,1.20184,0.866664,-9.68174,0.0694289,0.378268,-10.3186,0.0017052676272820819,0.004621889129780246,0.00018834206309749506
11:42 AM,,0.6969062366666666,0.6022395816666667,-9.876423416666666,0.696683,0.603313,-9.87566,0.725412,0.629648,-9.84693,0.672742,0.574584,-9.90439,5.9793168194312544e-05,8.31177910784613e-05,0.00010116948730522737,0.6964481696666667,0.601995398,-9.87422555,0.696683,0.603313,-9.87326,0.725412,0.632042,-9.83496,0.665559,0.560219,-9.90439,6.0193940870503216e-05,8.367662996158317e-05,0.00011110083884377746,0.6955711253333333,0.6021382486666667,-9.872692196666666,0.696683,0.603313,-9.87326,0.756535,0.63683,-9.82778,0.660771,0.560219,-9.91396,6.829586419299025e-05,8.301548848024492e-05,0.0001276098670524933,0.7102026337416667,0.63728996975,-9.876789694166666,0.696683,0.608101,-9.87566,1.20184,0.866664,-9.68174,0.0694289,0.378268,-10.3186,0.0014792230737233163,0.0038576100276716415,0.00019558512014147253,0.7282006572722223,0.6695478985555555,-9.879689627222222,0.708653,0.623663,-9.88045,1.20184,0.866664,-9.68174,0.0694289,0.378268,-10.3186,0.00172076165588361,0.004750830678246057,0.00018524540517798573
11:43 AM,,0.69641945,0.6005118783333333,-9.8776004,0.696683,0.600919,-9.87805,0.715836,0.629648,-9.84453,0.675136,0.574584,-9.90439,5.525739629799647e-05,7.716840856113244e-05,9.142230768614027e-05,0.6962821783333333,0.6017184816666666,-9.874298163333334,0.696683,0.600919,-9.87326,0.725412,0.632042,-9.83496,0.665559,0.560219,-9.90439,6.000058050736618e-05,8.377394700866677e-05,0.00010951317031675738,0.6962897608333334,0.6017089098333334,-9.874026895,0.696683,0.600919,-9.87326,0.756535,0.63683,-9.83017,0.665559,0.560219,-9.91396,6.317537538819717e-05,8.193690956896479e-05,0.00011254937133752739,0.7063764681583333,0.6298642803333333,-9.8765177575,0.694289,0.605707,-9.87566,1.20184,0.866664,-9.68174,0.0694289,0.378268,-10.3186,0.0012761705480277812,0.0032452253357348913,0.0001933953940790285,0.7267606117722222,0.6659293547777778,-9.8793212,0.703865,0.617678,-9.88045,1.20184,0.866664,-9.68174,0.0694289,0.378268,-10.3186,0.0017477148142715398,0.004844628322090917,0.00018244410145452
11:44 AM,,0.694416385,0.5989876133333333,-9.878063566666667,0.694289,0.598525,-9.87805,0.71823,0.622466,-9.84453,0.675136,0.567401,-9.91157,5.2364106574398885e-05,8.519646182686694e-05,9.965885002893372e-05,0.6958528386666667,0.6013178686666667,-9.875031593333333,0.696683,0.600919,-9.87566,0.725412,0.632042,-9.83496,0.665559,0.560219,-9.91157,5.9391935340418203e-05,8.675804878101188e-05,0.00011189646775053522,0.6961405305,0.6015959863333333,-9.874811358333334,0.696683,0.600919,-9.87566,0.756535,0.63683,-9.83496,0.665559,0.560219,-9.91396,6.146699671652234e-05,8.308962337237527e-05,0.00010977904844633448,0.7023867051583333,0.6222775865833333,-9.876276355833333,0.694289,0.605707,-9.87566,1.20184,0.866664,-9.68174,0.0694289,0.378268,-10.3186,0.001036014543377484,0.0025054557000948447,0.00019203771670476958,0.7251283727722222,0.6621527988333333,-9.878885211111111,0.701471,0.615283,-9.87805,1.20184,0.866664,-9.68174,0.0694289,0.378268,-10.3186,0.0017696887561181483,0.0049065460083446075,0.00017772171019488227
11:45 AM,,0.6943645,0.5993746566666667,-9.870988766666667,0.694289,0.599722,-9.87087,0.71823,0.627254,-9.83975,0.663165,0.569795,-9.91157,6.49387065843071e-05,8.984491209895375e-05,0.00011528515707400847,0.6956748786666667,0.6007361053333333,-9.875200026666667,0.696683,0.600919,-9.87566,0.725412,0.629648,-9.83496,0.663165,0.560219,-9.91157,6.0209656094642955e-05,8.653807924198552e-05,0.00011342915878554687,0.6959765348333333,0.6014547353333334,-9.874447453333334,0.696683,0.600919,-9.87566,0.725412,0.63683,-9.83496,0.663165,0.560219,-9.91396,6.066510488460058e-05,8.409036991660431e-05,0.00011189812376844645,0.6983245204916667,0.6146194701666666,-9.875740474166667,0.694289,0.603313,-9.87566,1.20184,0.866664,-9.68174,0.0694289,0.378268,-10.3186,0.0007549378190342588,0.0016247977810701993,0.00019209169559146016,0.7230517612166667,0.6580467894444444,-9.878314872222223,0.701471,0.612889,-9.87805,1.20184,0.866664,-9.68174,0.0694289,0.378268,-10.3186,0.0017507973200934664,0.004892818491999778,0.00017642819062759152
11:46 AM,,0.6944642383333334,0.5996859083333334,-9.8666596,0.694289,0.600919,-9.86608,0.713441,0.62486,-9.83975,0.667954,0.574584,-9.90199,5.923898933709225e-05,8.079748638056478e-05,0.0001150469353989947,0.695314162,0.6001599276666667,-9.87394715,0.694289,0.600919,-9.87326,0.725412,0.629648,-9.83975,0.663165,0.567401,-9.91157,5.947842108278345e-05,8.444735191307221e-05,0.0001240403871065313,0.695917478,0.601159463,-9.87387846,0.696683,0.600919,-9.87326,0.725412,0.63683,-9.83496,0.663165,0.560219,-9.91396,6.043109550610019e-05,8.443630342586862e-05,0.00011724577292388332,0.6941921076583333,0.6068851430833333,-9.875072725833334,0.694289,0.603313,-9.87566,1.20184,0.866664,-9.68174,0.0694289,0.378268,-10.3186,0.00042757786480186066,0.0005998372669541901,0.00019607779192748806,0.7205089632722222,0.6535561302777778,-9.877623112222222,0.699077,0.610495,-9.87805,1.20184,0.866664,-9.68174,0.0694289,0.378268,-10.3186,0.0016956164931394375,0.004792025003897189,0.00017862480312535244
11:47 AM,,0.6959366216666667,0.6005398116666667,-9.86820375,0.696683,0.600919,-9.86847,0.71823,0.627254,-9.83017,0.675136,0.57219,-9.8996,5.72861773274094e-05,8.169706053709239e-05,0.00013583446454507075,0.695120239,0.5998199736666666,-9.872303216666667,0.694289,0.600919,-9.87326,0.71823,0.629648,-9.83017,0.663165,0.567401,-9.91157,5.851048065476379e-05,8.32115689506234e-05,0.00013363345783899743,0.6957842043333333,0.6009076858333333,-9.873264383333334,0.696683,0.600919,-9.87326,0.725412,0.632042,-9.83017,0.663165,0.560219,-9.91157,5.978324052966934e-05,8.461350476459339e-05,0.00012327074577734762,0.6929118651666667,0.60292371175,-9.8740283025,0.694289,0.603313,-9.87326,0.756535,0.641618,-9.82778,0.655983,0.560219,-9.92593,8.530913847202593e-05,9.167417388631911e-05,0.00014714750345210984,0.7180155109388889,0.6489395154444444,-9.877081114444444,0.699077,0.608101,-9.87805,1.20184,0.866664,-9.68174,0.0694289,0.378268,-10.3186,0.0016250432866564343,0.004620929718627019,0.0001811905287318268
11:48 AM,,0.6943366016666667,0.598752195,-9.87213375,0.694289,0.598525,-9.87326,0.720624,0.62486,-9.83735,0.670348,0.562613,-9.90917,6.0051999936224166e-05,7.390588674822195e-05,0.00010997924885224999,0.6947036693333334,0.599468037,-9.871209886666668,0.694289,0.598525,-9.87087,0.720624,0.627254,-9.83017,0.663165,0.562613,-9.91157,5.907969028008613e-05,8.256836211833707e-05,0.00013053597097747706,0.6954929238333334,0.6005932593333333,-9.872754025,0.694289,0.600919,-9.87326,0.725412,0.632042,-9.83017,0.663165,0.560219,-9.91157,6.015323688717969e-05,8.442362674920439e-05,0.00012238932387001589,0.6935991756666666,0.6022471805,-9.8730598875,0.694289,0.603313,-9.87326,0.756535,0.63683,-9.82778,0.655983,0.560219,-9.91396,7.728521941942611e-05,8.74725489611665e-05,0.00013135936590949845,0.7154693896055555,0.6441906922777778,-9.876599362777778,0.696683,0.608101,-9.87566,1.20184,0.866664,-9.68174,0.0694289,0.378268,-10.3186,0.0015443961969472055,0.0043978056388222974,0.000179185470181175
11:49 AM,,0.6950108883333334,0.5984130416666666,-9.873163366666667,0.694289,0.598525,-9.87326,0.71823,0.627254,-9.84214,0.670348,0.569795,-9.90439,6.71772980926849e-05,8.306394476453805e-05,9.525040400556147e-05,0.69482257,0.5993531226666666,-9.870229846666668,0.694289,0.598525,-9.87087,0.720624,0.627254,-9.83017,0.663165,0.562613,-9.91157,6.202660603511159e-05,8.230571834373408e-05,0.00012006041191378952,0.6953377043333333,0.6003354956666667,-9.87263072,0.694289,0.600919,-9.87326,0.725412,0.632042,-9.83017,0.663165,0.560219,-9.91157,6.09645584053153e-05,8.548301014733907e-05,0.00012172426049167785,0.694050265,0.6017218774166666,-9.8728272625,0.694289,0.600919,-9.87326,0.756535,0.63683,-9.82778,0.655983,0.560219,-9.91396,7.434329147023077e-05,8.607348265227766e-05,0.0001255782598194078,0.7129192763277777,0.6393761641666666,-9.876171082222223,0.696683,0.608101,-9.87566,1.20184,0.866664,-9.68174,0.0694289,0.378268,-10.3186,0.0014471141483355513,0.004119963703717312,0.00017619565697639983
11:50 AM,,0.69627181,0.5983093083333333,-9.871659066666666,0.696683,0.598525,-9.87326,0.725412,0.627254,-9.84214,0.672742,0.567401,-9.90439,6.198020764998313e-05,8.421638856754306e-05,9.605559178185545e-05,0.695204032,0.599140053,-9.870363906666666,0.694289,0.598525,-9.87087,0.725412,0.627254,-9.83017,0.667954,0.562613,-9.90917,6.166835343011923e-05,8.13539908164631e-05,0.0001164950902346966,0.6954394553333333,0.5999380791666666,-9.872781966666667,0.694289,0.600919,-9.87326,0.725412,0.629648,-9.83017,0.663165,0.560219,-9.91157,6.09842799533303e-05,8.456899361250135e-05,0.00012079094979051658,0.6946064984166667,0.60127418325,-9.8726279525,0.694289,0.600919,-9.87326,0.756535,0.63683,-9.82778,0.660771,0.560219,-9.91396,7.005627185898564e-05,8.55278832896102e-05,0.00012455793874430155,0.7103498782722222,0.6345068366111111,-9.875769804444445,0.696683,0.605707,-9.87566,1.20184,0.866664,-9.68174,0.0694289,0.378268,-10.3186,0.0013274818927055112,0.003785090802902188,0.00017447665513148258
11:51 AM,,0.696567065,0.5985527116666667,-9.87449215,0.696683,0.598525,-9.87566,0.727806,0.627254,-9.84693,0.667954,0.567401,-9.8996,7.212587011763755e-05,8.767819014543955e-05,9.476913677211693e-05,0.6956245973333334,0.5989134136666666,-9.871930416666666,0.696683,0.598525,-9.87326,0.727806,0.627254,-9.83017,0.667954,0.562613,-9.90917,6.432755801919914e-05,8.268631908290746e-05,0.00011065449035650399,0.6954693796666667,0.5995366706666666,-9.872938783333334,0.694289,0.598525,-9.87326,0.727806,0.629648,-9.83017,0.663165,0.562613,-9.91157,6.191676720638747e-05,8.394141941077464e-05,0.00011834485039478401,0.6950739495833334,0.6009691365833333,-9.872630145833334,0.694289,0.600919,-9.87326,0.756535,0.63683,-9.82778,0.660771,0.560219,-9.91396,6.797036762250991e-05,8.573334087033416e-05,0.00012370623013957343,0.7078335486611111,0.6296015984444444,-9.875602618333334,0.696683,0.605707,-9.87566,1.20184,0.866664,-9.68174,0.0694289,0.378268,-10.3186,0.0012002279608255065,0.0033918757594380553,0.0001736064861880027
11:52 AM,,0.6969980166666667,0.5987202866666667,-9.8759006,0.696683,0.598525,-9.87566,0.720624,0.629648,-9.84214,0.67753,0.569795,-9.90199,6.484364820673327e-05,8.524873316977175e-05,0.00010184511616694119,0.6958368763333334,0.5985495086666667,-9.873469786666666,0.696683,0.598525,-9.87326,0.727806,0.629648,-9.83735,0.667954,0.562613,-9.90917,6.614986239517146e-05,8.274148677551665e-05,0.0001018702246293618,0.6954785576666667,0.5991847411666666,-9.872886501666667,0.694289,0.598525,-9.87326,0.727806,0.629648,-9.83017,0.663165,0.562613,-9.91157,6.244819510052449e-05,8.336628373012693e-05,0.0001180724907601199,0.6955248415,0.6006614949166666,-9.872789349166666,0.696683,0.600919,-9.87326,0.756535,0.63683,-9.82778,0.660771,0.560219,-9.91396,6.536872389536889e-05,8.536493634033582e-05,0.0001228403806831354,0.7052946083833334,0.6245882268888889,-9.87548863,0.696683,0.603313,-9.87566,1.20184,0.866664,-9.68174,0.0694289,0.378268,-10.3186,0.001055115175791081,0.0029221407211334734,0.00017312530559562814
11:53 AM,,0.6935026016666667,0.5978663766666666,-9.874360666666666,0.694289,0.598525,-9.87326,0.713441,0.617678,-9.84453,0.667954,0.567401,-9.90439,6.034487866744287e-05,8.249870320346125e-05,0.00011269096449637902,0.6956700763333333,0.598372345,-9.87391517,0.696683,0.598525,-9.87326,0.727806,0.629648,-9.84214,0.667954,0.567401,-9.90439,6.682034459803908e-05,8.451150635209229e-05,0.00010201508046458465,0.6951868728333334,0.598920191,-9.872562528333333,0.694289,0.598525,-9.87326,0.727806,0.629648,-9.83017,0.663165,0.562613,-9.91157,6.31730485637558e-05,8.382619386249602e-05,0.00011808608770547748,0.6957383168333333,0.6003145504166667,-9.873294711666667,0.696683,0.600919,-9.87326,0.756535,0.63683,-9.83017,0.663165,0.560219,-9.91396,6.347306284768713e-05,8.481904456033816e-05,0.0001158442560215284,0.70264660305,0.6195495838888889,-9.875199347777778,0.694289,0.603313,-9.87566,1.20184,0.866664,-9.68174,0.0694289,0.378268,-10.3186,0.0008996374075375502,0.002404160164405874,0.00017176093809338425
11:54 AM,,0.6937739466666667,0.5981457,-9.877428766666666,0.694289,0.598525,-9.87805,0.71823,0.627254,-9.85172,0.667954,0.574584,-9.91157,6.291819631434603e-05,8.267430331218689e-05,9.570032969504409e-05,0.695422688,0.5983188766666666,-9.87476825,0.694289,0.598525,-9.87566,0.727806,0.629648,-9.84214,0.667954,0.567401,-9.91157,6.654080555450736e-05,8.444076784740461e-05,0.0001037337736953949,0.695122629,0.5988359996666667,-9.872499048333333,0.694289,0.598525,-9.87326,0.727806,0.629648,-9.83017,0.663165,0.562613,-9.91157,6.43630404697705e-05,8.36268060126686e-05,0.00011702857474011664,0.69563157975,0.600215993,-9.873655203333334,0.696683,0.600919,-9.87326,0.756535,0.63683,-9.83017,0.663165,0.560219,-9.91396,6.316882769161409e-05,8.525580790744325e-05,0.00011473116627250768,0.6999653464388889,0.6144637242777777,-9.875017253333333,0.694289,0.603313,-9.87566,1.20184,0.866664,-9.68174,0.0694289,0.378268,-10.3186,0.0007238357461803907,0.0018202495773873323,0.00017019763266874343
11:55 AM,,0.694739565,0.5974913316666667,-9.878757833333333,0.694289,0.598525,-9.87805,0.727806,0.622466,-9.84693,0.672742,0.569795,-9.90678,6.715194251329706e-05,7.960506039231766e-05,9.397720932108734e-05,0.695116239,0.5981552813333333,-9.876188003333333,0.694289,0.598525,-9.87566,0.727806,0.629648,-9.84214,0.667954,0.567401,-9.91157,6.742894344436032e-05,8.362995345200215e-05,0.00010255264759585059,0.6951601355,0.5986476671666666,-9.873275955,0.694289,0.598525,-9.87326,0.727806,0.629648,-9.83017,0.667954,0.562613,-9.91157,6.453981575976624e-05,8.272070540328912e-05,0.00011798705096313151,0.6955683351666667,0.60005120125,-9.873861704166666,0.696683,0.600919,-9.87326,0.727806,0.63683,-9.83017,0.663165,0.560219,-9.91396,6.276388387031901e-05,8.536865871497464e-05,0.00011527613869903695,0.6972697254944444,0.6092955358333333,-9.874918967777777,0.694289,0.603313,-9.87566,1.20184,0.866664,-9.68174,0.0694289,0.378268,-10.3186,0.000527014088273618,0.0011674306378720422,0.0001687320402811948
11:56 AM,,0.696092225,0.5972080366666667,-9.8775486,0.696683,0.596131,-9.87805,0.71823,0.62486,-9.84693,0.672742,0.567401,-9.90678,6.485272306615176e-05,7.268982235925422e-05,9.453602541568956e-05,0.695021271,0.5978863463333334,-9.876799293333333,0.694289,0.598525,-9.87566,0.727806,0.629648,-9.84214,0.667954,0.567401,-9.91157,6.573668592753472e-05,8.071184159691878e-05,0.00010192728006063888,0.6953229341666667,0.59839988,-9.874364855,0.694289,0.598525,-9.87566,0.727806,0.629648,-9.83017,0.667954,0.562613,-9.91157,6.511229731505167e-05,8.194922234365721e-05,0.00011220064501980778,0.6956202060833333,0.5997796715,-9.8741216575,0.696683,0.600919,-9.87326,0.727806,0.63683,-9.83017,0.663165,0.560219,-9.91396,6.28548429571926e-05,8.508981282548983e-05,0.00011477279786084489,0.6945690498277778,0.6040567220555555,-9.874836768888889,0.694289,0.600919,-9.87566,1.20184,0.866664,-9.68174,0.0694289,0.378268,-10.3186,0.0003070298653102016,0.00044319459466617275,0.00016822231342177298
11:57 AM,,0.692672655,0.5969566216666666,-9.875896683333334,0.691895,0.596131,-9.87566,0.715836,0.62486,-9.84932,0.667954,0.567401,-9.90678,6.366833951850581e-05,9.643081641255137e-05,0.00010406752470756472,0.6941561986666667,0.5975336133333333,-9.87679851,0.694289,0.598525,-9.87566,0.727806,0.627254,-9.84453,0.667954,0.567401,-9.91157,6.50751400392112e-05,8.285461086677772e-05,0.00010237257980649867,0.6949965375,0.5980415609999999,-9.875134148333334,0.694289,0.598525,-9.87566,0.727806,0.629648,-9.83735,0.667954,0.562613,-9.91157,6.630785104676809e-05,8.30423006870601e-05,0.00010487494066477106,0.6953903709166667,0.5994746234166667,-9.874199265833333,0.694289,0.598525,-9.87326,0.727806,0.632042,-9.83017,0.663165,0.560219,-9.91157,6.31954092414408e-05,8.587475552839564e-05,0.00011493741448720266,0.6936067559444444,0.6012963281666667,-9.874396917777778,0.694289,0.600919,-9.87566,0.756535,0.641618,-9.82778,0.655983,0.560219,-9.92593,7.993714016916843e-05,9.408915817914989e-05,0.00013332180915596588
11:58 AM,,0.6970099466666667,0.599518325,-9.870019066666666,0.694289,0.596131,-9.87087,1.21381,0.950457,-9.55245,-0.047882,0.323203,-10.0001,0.004578041265927034,0.0014502427185703254,0.000707291185771837,0.6948576676666667,0.597864003,-9.87593019,0.694289,0.598525,-9.87566,1.21381,0.950457,-9.55245,-0.047882,0.323203,-10.0001,0.0009684609262546393,0.0003566952919563097,0.00022838600319829552,0.695263872,0.598118174,-9.87492268,0.694289,0.598525,-9.87566,1.21381,0.950457,-9.55245,-0.047882,0.323203,-10.0001,0.0005177193770711277,0.0002206312394583003,0.00016618824942583386,0.6953783979166667,0.5993557166666666,-9.8738383525,0.694289,0.598525,-9.87326,1.21381,0.950457,-9.55245,-0.047882,0.323203,-10.0001,0.0002889253442255976,0.00015404636091346496,0.00014545262569621445,0.6941540744444444,0.600870845,-9.873680818333334,0.694289,0.600919,-9.87326,1.21381,0.950457,-9.55245,-0.047882,0.323203,-10.0001,0.0002246918576805513,0.00013563779650000273,0.0001437315586113603
11:59 AM,,0.7423142316666667,0.4852519066666667,-9.865797566666666,0.742171,0.483608,-9.86608,1.07974,0.655983,-9.49739,0.644013,0.34475,-10.3449,0.000501673141734221,0.00038419831095287715,0.003335472598743461,0.7045657246666667,0.5752852443333333,-9.87360395,0.696683,0.593737,-9.87566,1.21381,0.950457,-9.49739,-0.047882,0.323203,-10.3449,0.0014121573948938228,0.002444076013605836,0.0008901545946290395,0.6999942063333333,0.5868020605,-9.8741861,0.696683,0.596131,-9.87566,1.21381,0.950457,-9.49739,-0.047882,0.323203,-10.3449,0.0007601281184158291,0.0013967068103482307,0.0004972003014402365,0.6976659553333333,0.5935687780833333,-9.87340841,0.696683,0.598525,-9.87326,1.21381,0.950457,-9.49739,-0.047882,0.323203,-10.3449,0.0004159333278504923,0.0007868254300678418,0.00031004134243376564,0.6960315787777778,0.596748605111111,-9.873280208333334,0.694289,0.600919,-9.87326,1.21381,0.950457,-9.49739,-0.047882,0.323203,-10.3449,0.00031076034729842167,0.0005723675549158913,0.00024984187484408454
12:00 PM,,2.4551804595,4.641818366333333,-3.0637923236833333,0.846314,7.714985,-0.071823,18.7219,15.4802,56.2733,-28.0708,-20.9436,-10.4383,9.413298145456793,18.39863149580866,48.13881272893084,1.0566539035666667,1.3841506512666666,-8.51061084807,0.701471,0.593737,-9.87087,18.7219,15.4802,56.2733,-28.0708,-20.9436,-10.4383,2.370655353724594,6.331107615914566,17.035217143123283,0.8758850712833334,0.9911529663,-9.193399425701667,0.696683,0.596131,-9.87566,18.7219,15.4802,56.2733,-28.0708,-20.9436,-10.4383,1.2178466160313264,3.319540861592456,8.98251795600642,0.7856622633083333,0.7955455227333333,-9.533090696184166,0.696683,0.598525,-9.87326,18.7219,15.4802,56.2733,-28.0708,-20.9436,-10.4383,0.6170438832581123,1.697939846806406,4.606344841561338,0.7550326893722222,0.7312337776,-9.646218443567221,0.694289,0.600919,-9.87326,18.7219,15.4802,56.2733,-28.0708,-20.9436,-10.4383,0.4132535217901141,1.1402285537893733,3.0964512114704177
12:01 PM,,6.078158283333333,7.8436224,0.45240086883333336,6.07862,7.84546,0.457273,6.40182,7.89095,1.03186,5.72908,7.64675,-0.576978,0.0010191953164137427,0.0005254320984040042,0.013178540700301916,2.133067115233333,2.8334335239333335,-6.444620954303334,0.737382,0.598525,-9.86129,18.7219,15.4802,56.2733,-28.0708,-20.9436,-10.4383,6.230567441634155,12.4539174238555,28.466737892432803,1.4140441931166667,1.7156599351333333,-8.160710123818333,0.699077,0.598525,-9.87326,18.7219,15.4802,56.2733,-28.0708,-20.9436,-10.4383,3.631877425730466,7.475587128499515,17.176500224317216,1.0547567863916667,1.1575983029,-9.016824453575833,0.696683,0.598525,-9.87326,18.7219,15.4802,56.2733,-28.0708,-20.9436,-10.4383,1.9449165266453576,4.048982762971482,9.320586360849244,0.9347306974277778,0.9725327361,-9.301990138495,0.696683,0.600919,-9.87326,18.7219,15.4802,56.2733,-28.0708,-20.9436,-10.4383,1.3254136950799318,2.767776998928487,6.376242560355451
12:02 PM,,6.104552883333334,7.825730133333334,0.4455417466666667,6.10495,7.82631,0.445302,6.16002,7.86461,0.526702,6.02116,7.788,0.371085,0.000213315306697554,0.00011637754622593461,0.00016115814294072347,3.2154431609,4.279188226266666,-4.380333268303334,0.9959434999999999,7.674284999999999,-0.08020235,18.7219,15.4802,56.2733,-28.0708,-20.9436,-10.4383,7.799174887090738,14.348585603664432,31.346563366221176,1.9547996797833334,2.4383609198,-7.128565889151667,0.701471,0.598525,-9.87087,18.7219,15.4802,56.2733,-28.0708,-20.9436,-10.4383,5.488456837076478,10.562348348019263,23.22476175703176,1.325139118725,1.5187728304833332,-8.500726195409166,0.696683,0.598525,-9.87087,18.7219,15.4802,56.2733,-28.0708,-20.9436,-10.4383,3.140536399547607,6.1264884492258185,13.49445295192347,1.1152831209277778,1.2132279698777777,-8.958048195828333,0.696683,0.600919,-9.87326,18.7219,15.4802,56.2733,-28.0708,-20.9436,-10.4383,2.181739507654529,4.270965539113553,9.41440465226669
12:03 PM,,6.1207489,7.810779133333333,0.43437330333333335,6.11932,7.80955,0.435726,6.18875,7.85983,0.519519,5.99722,7.77364,0.335174,0.00024195879511519045,0.00014044594615915474,0.00026417035663905405,4.300190951566667,5.721440387933334,-2.3194547943033332,6.07862,7.81913,0.435726,18.7219,15.4802,56.2733,-28.0708,-20.9436,-10.4383,7.041037750841187,12.053900638605972,25.706324566807766,2.497524309616667,3.1596521954666668,-6.097692492151666,0.708653,0.603313,-9.86608,18.7219,15.4802,56.2733,-28.0708,-20.9436,-10.4383,6.770564887662326,12.589976696571041,27.128593584619722,1.596355591225,1.8792861932333333,-7.9851275102425,0.699077,0.600919,-9.87087,18.7219,15.4802,56.2733,-28.0708,-20.9436,-10.4383,4.197204637411183,7.93397935429338,17.1259332179982,1.2963336477611112,1.4534270987666666,-8.614760638495,0.696683,0.600919,-9.87326,18.7219,15.4802,56.2733,-28.0708,-20.9436,-10.4383,2.978116085867453,5.65193203355329,12.209928963241742
12:04 PM,,6.1337569,7.802224366666667,0.43081005833333336,6.13368,7.80237,0.430938,6.16241,7.84546,0.462061,6.10016,7.77124,0.392632,0.00012253503377963009,9.328838256983664e-05,0.00010736483131378694,5.378479485233333,7.184834879933334,-0.26013326930333336,6.10495,7.81913,0.440514,18.7219,15.4802,56.2733,-28.0708,-20.9436,-10.4383,4.017943656380037,5.292463733033196,11.583500774360713,3.04152260495,3.8800600621333334,-5.066868609651666,0.749353,0.608101,-9.83975,18.7219,15.4802,56.2733,-28.0708,-20.9436,-10.4383,7.4716207446795595,13.57036974454434,28.899785995809086,1.868322616975,2.2394480308999998,-7.4696838289925,0.699077,0.600919,-9.86847,18.7219,15.4802,56.2733,-28.0708,-20.9436,-10.4383,5.112044128896319,9.476493359368408,20.222749394352014,1.4775952548166666,1.6934973493777778,-8.271393005439444,0.6978800000000001,0.600919,-9.87087,18.7219,15.4802,56.2733,-28.0708,-20.9436,-10.4383,3.7133079403606746,6.913671845840157,14.767041628807934
12:05 PM,,6.146330133333334,7.7914272,0.44642357833333335,6.14565,7.79279,0.445302,6.19353,7.83828,0.833146,6.06904,7.74252,0.392632,0.00022526104305397928,0.00017758746927545665,0.0006270564459270758,6.11670942,7.814756646666667,0.4419099111,6.120515,7.81194,0.440514,6.40182,7.89095,1.03186,5.72908,7.64675,-0.576978,0.0009278133789899287,0.00054461495527358,0.0029285810196805805,3.5866816617833335,4.599453648966667,-4.034350468485,6.04989,7.788,0.418967,18.7219,15.4802,56.2733,-28.0708,-20.9436,-10.4383,7.58770139393645,13.505195072927203,28.55789980692773,2.140920898641667,2.5990506580666666,-6.9538132117425,0.701471,0.600919,-9.86847,18.7219,15.4802,56.2733,-28.0708,-20.9436,-10.4383,5.88396516771891,10.754021751481122,22.80179192076852,1.6592727773722222,1.933185350488889,-7.927357958939444,0.699077,0.600919,-9.87087,18.7219,15.4802,56.2733,-28.0708,-20.9436,-10.4383,4.386550299207138,8.055979184189924,17.09649369558072
12:06 PM,,6.158914916666666,7.7809971,0.45017833333333335,6.15762,7.78082,0.450091,6.19353,7.80716,0.486002,6.12171,7.75449,0.414179,0.00011896420767251229,8.28794249649418e-05,0.0001334773164296049,6.132860746666666,7.802231586666666,0.441465404,6.13368,7.80237,0.440514,6.19353,7.86461,0.833146,5.99722,7.74252,0.335174,0.0005460974046440364,0.0003606085297924185,0.00031450907590408546,4.13296393095,5.3178325553,-3.0015777751516666,6.09298,7.7904,0.430938,18.7219,15.4802,56.2733,-28.0708,-20.9436,-10.4383,7.115291406010891,12.399368411644822,26.087675971518838,2.4141434325583333,2.95811621765,-6.437971315075833,0.701471,0.603313,-9.86608,18.7219,15.4802,56.2733,-28.0708,-20.9436,-10.4383,6.511971882792521,11.767933748221525,24.85259171427632,1.8414014477055556,2.1724639661,-7.583273696717222,0.699077,0.603313,-9.87087,18.7219,15.4802,56.2733,-28.0708,-20.9436,-10.4383,4.997317343821378,9.079666878796342,19.191554140294297
12:07 PM,,6.161252983333333,7.775937266666666,0.43989166166666666,6.16241,7.77603,0.440514,6.19832,7.80716,0.500367,6.1265,7.7497,0.406997,0.0001241550276458011,8.95283467735131e-05,0.0001256902961875098,6.144200766666667,7.792273013333333,0.440335387,6.14565,7.79279,0.440514,6.19832,7.85983,0.833146,5.99722,7.74252,0.335174,0.0004006073139168609,0.0002838907979858151,0.00030331867969579635,4.679821963783334,6.0357306198,-1.9699989406516667,6.11453,7.7904,0.435726,18.7219,15.4802,56.2733,-28.0708,-20.9436,-10.4383,6.043900413022788,10.259194314981107,21.481500685839936,2.6874092506416667,3.3168860904,-5.9225665444925,0.706259,0.605707,-9.86369,18.7219,15.4802,56.2733,-28.0708,-20.9436,-10.4383,6.991770763595682,12.521942809143525,26.364000309551432,2.0235342352055556,2.4115599555444445,-7.239465824106111,0.699077,0.603313,-9.86847,18.7219,15.4802,56.2733,-28.0708,-20.9436,-10.4383,5.542579995131685,9.987080067760333,21.04419317022046
12:08 PM,,6.174556316666667,7.768531083333333,0.43869064,6.17438,7.76885,0.43812,6.21508,7.80237,0.471637,6.07622,7.73773,0.390238,0.00018715909542542996,0.00011187694957568428,0.00012216364797035064,6.15496225,7.783823403333334,0.44119885433333333,6.15523,7.78322,0.440514,6.21508,7.84546,0.833146,6.06904,7.73773,0.390238,0.0003481324985370135,0.0002510202081867169,0.00026763895466333574,5.227576600783333,6.752631895633334,-0.939127969985,6.12889,7.7904,0.43812,18.7219,15.4802,56.2733,-28.0708,-20.9436,-10.4383,4.380293568657099,7.089604330404944,14.756773274992154,2.9614202363916666,3.6753750348166667,-5.4070253249925,0.713441,0.608101,-9.86129,18.7219,15.4802,56.2733,-28.0708,-20.9436,-10.4383,7.326115753928766,13.01491602585413,27.341625230317728,2.2061111322055558,2.6504477763222223,-6.895601558328333,0.701471,0.603313,-9.86847,18.7219,15.4802,56.2733,-28.0708,-20.9436,-10.4383,6.025008619026095,10.777466288068133,22.65924921609084
12:09 PM,,6.18431615,7.76170415,0.43640828833333334,6.18396,7.76167,0.435726,6.27014,7.79279,0.47882,6.14565,7.73055,0.368691,0.00012945587380049808,9.437303299916655e-05,0.00013532476697014756,6.1650741,7.77571936,0.4423185003333333,6.1648,7.77603,0.440514,6.27014,7.83828,0.833146,6.06904,7.73055,0.368691,0.000329655605525176,0.00021568266247789424,0.0002549682791463821,5.7717767926166665,7.480277119966667,0.091092615515,6.13847,7.7904,0.440514,18.7219,15.4802,56.2733,-28.0708,-20.9436,-10.4383,2.1635103008192336,2.7331992450153035,5.914292582959738,3.235885499475,4.0335395902333335,-4.8915467422425,0.749353,0.612889,-9.83975,18.7219,15.4802,56.2733,-28.0708,-20.9436,-10.4383,7.513325619699769,13.248173706264604,27.78591245466061,2.3890362344277776,2.8891382253777778,-6.551908068161667,0.701471,0.603313,-9.86608,18.7219,15.4802,56.2733,-28.0708,-20.9436,-10.4383,6.443151965929226,11.451353438182352,24.03737341747882
12:10 PM,,4.51317568,4.2732988899999995,5.526776624166667,4.01969,2.37973,8.56369,8.01065,9.69131,10.8165,-1.07974,0.308839,-3.94069,1.8886818603391695,7.6402357348999175,17.644205620128755,5.838443209333334,7.072093698,1.4583891095,6.1672,7.76885,0.442908,8.01065,9.69131,10.8165,-1.07974,0.308839,-3.94069,0.8166592718084363,3.485093662355266,7.663583960616155,5.977576314666667,7.443425172333333,0.9501495102999999,6.14326,7.788,0.442908,8.01065,9.69131,10.8165,-1.07974,0.308839,-3.94069,0.4280866468536873,1.8804386692178214,4.090967836895437,3.426730692975,4.217289069316666,-4.121624957700833,4.00772,2.38213,0.414179,18.7219,15.4802,56.2733,-28.0708,-20.9436,-10.4383,7.330253710516688,13.008594638518346,32.261238130077494,2.5163002804277776,3.0115054059333333,-6.0386772940227775,0.701471,0.605707,-9.86608,18.7219,15.4802,56.2733,-28.0708,-20.9436,-10.4383,6.544579555334061,11.58017373969282,28.85752256874354
12:11 PM,,3.9773203833333333,2.2984462666666667,8.607798433333334,3.9742,2.29833,8.60918,4.03406,2.34143,8.6427,3.92872,2.26003,8.56369,0.0002871045218895373,0.00013430098303394497,0.00014154797583861738,5.4021243026666665,5.975583531333333,3.0899131295,6.16241,7.75927,0.445302,8.01065,9.69131,10.8165,-1.07974,0.308839,-3.94069,1.2986945455857224,6.740887801697745,15.023681252091963,5.767492524666666,6.888907559,1.76568926675,6.14326,7.77843,0.442908,8.01065,9.69131,10.8165,-1.07974,0.308839,-3.94069,0.7830282237394159,4.204362170253702,9.264606821103786,3.590768358891667,4.302283747066666,-3.1975104285341667,4.01012,2.38213,0.42615,18.7219,15.4802,56.2733,-28.0708,-20.9436,-10.4383,6.945791825785171,12.530668287086165,37.85485588371587,2.62566869915,3.0680347216,-5.422653213467222,0.703865,0.605707,-9.86369,18.7219,15.4802,56.2733,-28.0708,-20.9436,-10.4383,6.4933580905988135,11.400485359657587,35.13897997553703
12:12 PM,,3.9517154,2.2929717333333333,8.621453183333333,3.95266,2.29355,8.62115,3.97899,2.32228,8.65467,3.92393,2.25764,8.58524,8.935566261101842e-05,0.00010383842704062304,0.00010808954126849949,4.960216786,4.878990424666666,4.726225433833333,4.02209,2.37973,8.56369,8.01065,9.69131,10.8165,-1.07974,0.308839,-3.94069,1.4089240134067458,7.60273271548087,17.061903505349974,5.552208776333333,6.335631719,2.5832804104166667,6.14326,7.77124,0.445302,8.01065,9.69131,10.8165,-1.07974,0.308839,-3.94069,1.055057782506117,5.923032166089818,13.12266019429614,3.7535042280583335,4.3869963194,-2.2726427393675,4.01012,2.38213,0.430938,18.7219,15.4802,56.2733,-28.0708,-20.9436,-10.4383,6.5070923265853855,12.039499687559912,41.75415117304221,2.7341623379277777,3.124392459988889,-4.8060573268005555,0.706259,0.608101,-9.86129,18.7219,15.4802,56.2733,-28.0708,-20.9436,-10.4383,6.416193091644984,11.214652095903189,40.6724589825921
12:13 PM,,3.9417475833333335,2.294228583333333,8.61534795,3.94069,2.29355,8.61636,3.96702,2.32467,8.64509,3.91435,2.26003,8.57806,7.021821902476313e-05,0.00011716202453394497,0.00010243007408764254,4.513655039333333,3.784129924666667,6.361556895833333,3.96942,2.30312,8.60439,8.01065,9.69131,10.8165,-1.07974,0.308839,-3.94069,1.1219194066316622,6.069812994698677,13.734945456074195,5.334308644666667,5.783976664,3.4013778750833334,6.14326,7.76406,0.450091,8.01065,9.69131,10.8165,-1.07974,0.308839,-3.94069,1.2346248357277978,7.0345797408965955,15.630582277266562,3.915916477141667,4.4718144297333335,-1.3481573085341667,4.01012,2.38213,0.435726,18.7219,15.4802,56.2733,-28.0708,-20.9436,-10.4383,6.014265292222065,11.533373682539931,43.93777060759247,2.8423399423722224,3.180849683488889,-4.1896257151338885,0.713441,0.610495,-9.85651,18.7219,15.4802,56.2733,-28.0708,-20.9436,-10.4383,6.314681090769673,11.022095273503473,45.43985528775484
12:14 PM,,3.9459933666666664,2.2987813833333335,8.609282766666666,3.94787,2.29953,8.60918,3.99096,2.38452,8.65946,3.74676,2.05653,8.5182,0.00025525039832943763,0.0002461626660297715,0.00017417528916082012,4.065990482666667,2.6915453713333335,7.9961317915,3.95505,2.29833,8.61157,8.01065,9.69131,10.8165,-1.07974,0.308839,-3.94069,0.4275357526756589,2.151829015427381,5.049199989086624,5.115532291333333,5.233632365666667,4.219225145916667,6.13608,7.75209,0.464455,8.01065,9.69131,10.8165,-1.07974,0.308839,-3.94069,1.315618671157036,7.539126482767723,16.791708330363267,4.078527448141666,4.5568462139,-0.42382173186749994,4.01012,2.38213,0.440514,18.7219,15.4802,56.2733,-28.0708,-20.9436,-10.4383,5.468722209620753,11.01194614637242,44.40352414153875,2.9507258417611113,3.2375094758222223,-3.573380837356111,0.749353,0.615283,-9.83975,18.7219,15.4802,56.2733,-28.0708,-20.9436,-10.4383,6.189749240951353,10.82261364028188,49.44211347027765
12:15 PM,,3.9493926666666668,2.300022483333333,8.605224816666666,3.95026,2.30073,8.60439,3.9766,2.33903,8.6427,3.92393,2.26242,8.57087,7.40545077351139e-05,0.00012134807178603186,0.0001263768303503035,3.95323388,2.29689009,8.61182143,3.95026,2.29594,8.61157,4.03406,2.38452,8.65946,3.74676,2.05653,8.5182,0.0003113578645004332,0.00015202171119563145,0.0001646316067906927,4.895838544666667,4.684491894,5.03510526975,3.99336,2.31988,8.58763,8.01065,9.69131,10.8165,-1.07974,0.308839,-3.94069,1.297068885063726,7.4439249963826715,16.62626654009629,4.241260103225,4.641972771483333,0.5003774006325,4.01012,2.38213,0.442908,18.7219,15.4802,56.2733,-28.0708,-20.9436,-10.4383,4.87052355493995,10.475495108354444,43.1556709791823,3.05922678065,3.2941977367111113,-2.957507051245,3.93111,2.28158,0.414179,18.7219,15.4802,56.2733,-28.0708,-20.9436,-10.4383,6.041507819016401,10.61669390763077,52.68494581114667
12:16 PM,,3.9444929166666665,2.3036257,8.60214455,3.94547,2.30312,8.602,3.97181,2.33425,8.63312,3.91914,2.26482,8.56848,7.828990683778487e-05,0.00011582256411686107,0.00010613508360350366,3.9466683866666665,2.297925976666667,8.610690653333334,3.94787,2.29833,8.61157,3.99096,2.38452,8.65946,3.74676,2.05653,8.5182,0.0001257459324413024,0.0001558497529637764,0.000171776059126193,4.6743963446666665,4.136754754,5.850301891416667,3.96223,2.30791,8.5996,8.01065,9.69131,10.8165,-1.07974,0.308839,-3.94069,1.1789781529241659,6.751814893281528,15.131690603920669,4.403680137808333,4.72729365465,1.4243620581325,4.01012,2.38213,0.447696,18.7219,15.4802,56.2733,-28.0708,-20.9436,-10.4383,4.220082528537426,9.923558876941753,40.19854162682552,3.167561069927778,3.350995729766667,-2.341880246245,3.94069,2.29115,0.42615,18.7219,15.4802,56.2733,-28.0708,-20.9436,-10.4383,5.8694823861212475,10.404151885503808,55.16905903117548
